0.01	0
0.02	0
0.03	0
0.04	0
0.05	0
0.06	0
0.07	0
0.08	0
0.09	0
0.1	0
0.11	0
0.12	0
0.13	0
0.14	0
0.15	0
0.16	0
0.17	0
0.18	0
0.19	0
0.2	0
0.21	0
0.22	0
0.23	0
0.24	0
0.25	0
0.26	0
0.27	0
0.28	0
0.29	0
0.3	0
0.31	0
0.32	0
0.33	0
0.34	0
0.35	0
0.36	0
0.37	0
0.38	0
0.39	0
0.4	0
0.41	0
0.42	0
0.43	0
0.44	0
0.45	0
0.46	0
0.47	0
0.48	0
0.49	0
0.5	0
0.51	0
0.52	0
0.53	0
0.54	0
0.55	0
0.56	0
0.57	0
0.58	0
0.59	0
0.6	0
0.61	0
0.62	0
0.63	0
0.64	0
0.65	0
0.66	0
0.67	0
0.68	0
0.69	0
0.7	0
0.71	0
0.72	0
0.73	0
0.74	0
0.75	0
0.76	0
0.77	0
0.78	0
0.79	0
0.8	0
0.81	0
0.82	0
0.83	0
0.84	0
0.85	0
0.86	0
0.87	0
0.88	0
0.89	0
0.9	0
0.91	0
0.92	0
0.93	0
0.94	0
0.95	0
0.96	0
0.97	0
0.98	0
0.99	0
1	0
1.01	0
1.02	0
1.03	0
1.04	0
1.05	0
1.06	0
1.07	0
1.08	0
1.09	0
1.1	0
1.11	0
1.12	0
1.13	0
1.14	0
1.15	0
1.16	0
1.17	0
1.18	0
1.19	0
1.2	0
1.21	0
1.22	0
1.23	0
1.24	0
1.25	0
1.26	0
1.27	0
1.28	0
1.29	0
1.3	0
1.31	0
1.32	0
1.33	0
1.34	0
1.35	0
1.36	0
1.37	0
1.38	0
1.39	0
1.4	0
1.41	0
1.42	0
1.43	0
1.44	0
1.45	0
1.46	0
1.47	0
1.48	0
1.49	0
1.5	0
1.51	0
1.52	0
1.53	0
1.54	0
1.55	0
1.56	0
1.57	0
1.58	0
1.59	0
1.6	0
1.61	0
1.62	0
1.63	0
1.64	0
1.65	0
1.66	0
1.67	0
1.68	0
1.69	0
1.7	0
1.71	0
1.72	0
1.73	0
1.74	0
1.75	0
1.76	0
1.77	0
1.78	0
1.79	0
1.8	0
1.81	0
1.82	0
1.83	0
1.84	0
1.85	0
1.86	0
1.87	0
1.88	0
1.89	0
1.9	0
1.91	0
1.92	0
1.93	0
1.94	0
1.95	0
1.96	0
1.97	1
1.98	1
1.99	1
2	1
2.01	1
2.02	1
2.03	1
2.04	1
2.05	1
2.06	1
2.07	1
2.08	1
2.09	1
2.1	1
2.11	1
2.12	1
2.13	1
2.14	1
2.15	1
2.16	1
2.17	1
2.18	1
2.19	1
2.2	1
2.21	1
2.22	1
2.23	1
2.24	1
2.25	1
2.26	1
2.27	1
2.28	1
2.29	1
2.3	1
2.31	1
2.32	1
2.33	1
2.34	1
2.35	1
2.36	1
2.37	1
2.38	1
2.39	1
2.4	1
2.41	1
2.42	1
2.43	1
2.44	1
2.45	1
2.46	1
2.47	1
2.48	1
2.49	1
2.5	1
2.51	1
2.52	1
2.53	1
2.54	1
2.55	1
2.56	1
2.57	1
2.58	1
2.59	1
2.6	1
2.61	1
2.62	1
2.63	1
2.64	1
2.65	1
2.66	1
2.67	1
2.68	1
2.69	1
2.7	1
2.71	1
2.72	1
2.73	1
2.74	1
2.75	1
2.76	1
2.77	1
2.78	1
2.79	1
2.8	1
2.81	1
2.82	1
2.83	1
2.84	1
2.85	1
2.86	1
2.87	1
2.88	1
2.89	1
2.9	1
2.91	1
2.92	1
2.93	1
2.94	1
2.95	1
2.96	1
2.97	1
2.98	1
2.99	1
3	1
3.01	1
3.02	1
3.03	1
3.04	1
3.05	1
3.06	1
3.07	1
3.08	1
3.09	1
3.1	1
3.11	1
3.12	1
3.13	1
3.14	1
3.15	1
3.16	1
3.17	1
3.18	1
3.19	1
3.2	1
3.21	1
3.22	1
3.23	1
3.24	1
3.25	1
3.26	1
3.27	1
3.28	1
3.29	1
3.3	1
3.31	1
3.32	1
3.33	1
3.34	1
3.35	1
3.36	1
3.37	1
3.38	1
3.39	1
3.4	1
3.41	1
3.42	1
3.43	1
3.44	1
3.45	1
3.46	1
3.47	1
3.48	1
3.49	1
3.5	1
3.51	1
3.52	1
3.53	1
3.54	1
3.55	1
3.56	1
3.57	1
3.58	1
3.59	1
3.6	1
3.61	1
3.62	1
3.63	1
3.64	1
3.65	1
3.66	1
3.67	1
3.68	1
3.69	1
3.7	1
3.71	1
3.72	1
3.73	1
3.74	1
3.75	1
3.76	1
3.77	1
3.78	1
3.79	1
3.8	1
3.81	1
3.82	1
3.83	1
3.84	1
3.85	1
3.86	1
3.87	1
3.88	1
3.89	1
3.9	1
3.91	1
3.92	1
3.93	1
3.94	1
3.95	1
3.96	1
3.97	1
3.98	1
3.99	1
4	1
4.01	1
4.02	1
4.03	1
4.04	1
4.05	1
4.06	1
4.07	1
4.08	1
4.09	1
4.1	1
4.11	1
4.12	1
4.13	1
4.14	1
4.15	1
4.16	1
4.17	1
4.18	1
4.19	1
4.2	1
4.21	1
4.22	1
4.23	1
4.24	1
4.25	1
4.26	1
4.27	1
4.28	1
4.29	1
4.3	1
4.31	1
4.32	1
4.33	1
4.34	1
4.35	1
4.36	1
4.37	1
4.38	1
4.39	1
4.4	1
4.41	1
4.42	1
4.43	1
4.44	1
4.45	1
4.46	1
4.47	1
4.48	1
4.49	1
4.5	1
4.51	1
4.52	1
4.53	1
4.54	1
4.55	1
4.56	1
4.57	1
4.58	1
4.59	1
4.6	1
4.61	1
4.62	1
4.63	1
4.64	1
4.65	1
4.66	1
4.67	1
4.68	1
4.69	1
4.7	1
4.71	1
4.72	1
4.73	1
4.74	1
4.75	1
4.76	1
4.77	1
4.78	1
4.79	1
4.8	1
4.81	1
4.82	1
4.83	1
4.84	1
4.85	1
4.86	1
4.87	1
4.88	1
4.89	1
4.9	1
4.91	1
4.92	1
4.93	1
4.94	1
4.95	1
4.96	1
4.97	1
4.98	1
4.99	1
5	1
5.01	1
5.02	1
5.03	1
5.04	1
5.05	1
5.06	1
5.07	1
5.08	1
5.09	1
5.1	1
5.11	1
5.12	1
5.13	1
5.14	1
5.15	1
5.16	1
5.17	1
5.18	1
5.19	1
5.2	1
5.21	1
5.22	1
5.23	1
5.24	1
5.25	1
5.26	1
5.27	1
5.28	1
5.29	1
5.3	1
5.31	1
5.32	1
5.33	1
5.34	1
5.35	1
5.36	1
5.37	1
5.38	1
5.39	1
5.4	1
5.41	1
5.42	1
5.43	1
5.44	1
5.45	1
5.46	1
5.47	1
5.48	1
5.49	1
5.5	1
5.51	1
5.52	2
5.53	2
5.54	2
5.55	2
5.56	2
5.57	2
5.58	2
5.59	2
5.6	2
5.61	2
5.62	2
5.63	2
5.64	2
5.65	2
5.66	2
5.67	2
5.68	2
5.69	2
5.7	2
5.71	2
5.72	2
5.73	2
5.74	2
5.75	2
5.76	2
5.77	2
5.78	2
5.79	2
5.8	2
5.81	2
5.82	2
5.83	2
5.84	2
5.85	2
5.86	2
5.87	2
5.88	2
5.89	2
5.9	2
5.91	2
5.92	2
5.93	2
5.94	2
5.95	2
5.96	2
5.97	2
5.98	2
5.99	2
6	2
6.01	2
6.02	2
6.03	2
6.04	2
6.05	2
6.06	2
6.07	2
6.08	2
6.09	2
6.1	2
6.11	2
6.12	2
6.13	2
6.14	2
6.15	2
6.16	2
6.17	2
6.18	2
6.19	2
6.2	2
6.21	2
6.22	2
6.23	2
6.24	2
6.25	2
6.26	2
6.27	2
6.28	2
6.29	2
6.3	2
6.31	2
6.32	2
6.33	2
6.34	2
6.35	2
6.36	2
6.37	2
6.38	2
6.39	2
6.4	2
6.41	2
6.42	2
6.43	2
6.44	2
6.45	2
6.46	2
6.47	2
6.48	2
6.49	2
6.5	2
6.51	2
6.52	2
6.53	2
6.54	2
6.55	2
6.56	2
6.57	2
6.58	2
6.59	2
6.6	2
6.61	2
6.62	2
6.63	2
6.64	2
6.65	2
6.66	2
6.67	2
6.68	2
6.69	2
6.7	2
6.71	2
6.72	2
6.73	2
6.74	2
6.75	2
6.76	2
6.77	2
6.78	2
6.79	2
6.8	2
6.81	2
6.82	2
6.83	2
6.84	2
6.85	2
6.86	2
6.87	2
6.88	2
6.89	2
6.9	2
6.91	2
6.92	2
6.93	2
6.94	2
6.95	2
6.96	2
6.97	2
6.98	2
6.99	2
7	2
7.01	2
7.02	2
7.03	2
7.04	2
7.05	2
7.06	2
7.07	2
7.08	2
7.09	2
7.1	2
7.11	2
7.12	2
7.13	2
7.14	2
7.15	2
7.16	2
7.17	2
7.18	2
7.19	2
7.2	2
7.21	2
7.22	2
7.23	2
7.24	2
7.25	2
7.26	2
7.27	2
7.28	2
7.29	2
7.3	2
7.31	2
7.32	2
7.33	2
7.34	2
7.35	2
7.36	2
7.37	2
7.38	2
7.39	2
7.4	2
7.41	2
7.42	2
7.43	2
7.44	2
7.45	2
7.46	2
7.47	2
7.48	2
7.49	2
7.5	2
7.51	2
7.52	2
7.53	2
7.54	2
7.55	2
7.56	2
7.57	2
7.58	2
7.59	2
7.6	2
7.61	2
7.62	2
7.63	2
7.64	2
7.65	2
7.66	2
7.67	2
7.68	2
7.69	2
7.7	2
7.71	2
7.72	2
7.73	2
7.74	2
7.75	2
7.76	2
7.77	2
7.78	2
7.79	2
7.8	2
7.81	2
7.82	2
7.83	2
7.84	2
7.85	2
7.86	2
7.87	2
7.88	2
7.89	2
7.9	2
7.91	2
7.92	2
7.93	2
7.94	2
7.95	2
7.96	2
7.97	2
7.98	2
7.99	2
8	2
8.01	2
8.02	2
8.03	2
8.04	2
8.05	2
8.06	2
8.07	2
8.08	2
8.09	2
8.1	2
8.11	2
8.12	2
8.13	2
8.14	2
8.15	2
8.16	2
8.17	2
8.18	2
8.19	2
8.2	2
8.21	2
8.22	2
8.23	2
8.24	2
8.25	2
8.26	2
8.27	2
8.28	2
8.29	2
8.3	2
8.31	2
8.32	2
8.33	2
8.34	2
8.35	2
8.36	2
8.37	2
8.38	2
8.39	2
8.4	2
8.41	2
8.42	2
8.43	2
8.44	2
8.45	2
8.46	2
8.47	2
8.48	2
8.49	2
8.5	2
8.51	2
8.52	2
8.53	2
8.54	2
8.55	2
8.56	2
8.57	2
8.58	2
8.59	2
8.6	2
8.61	2
8.62	2
8.63	2
8.64	2
8.65	2
8.66	2
8.67	2
8.68	2
8.69	2
8.7	2
8.71	2
8.72	2
8.73	2
8.74	2
8.75	2
8.76	2
8.77	2
8.78	2
8.79	2
8.8	2
8.81	2
8.82	2
8.83	2
8.84	2
8.85	2
8.86	2
8.87	2
8.88	2
8.89	2
8.9	2
8.91	2
8.92	2
8.93	2
8.94	2
8.95	2
8.96	2
8.97	2
8.98	2
8.99	2
9	2
9.01	2
9.02	2
9.03	2
9.04	2
9.05	2
9.06	2
9.07	2
9.08	2
9.09	2
9.1	2
9.11	2
9.12	2
9.13	2
9.14	3
9.15	3
9.16	3
9.17	3
9.18	3
9.19	3
9.2	3
9.21	3
9.22	3
9.23	3
9.24	3
9.25	3
9.26	3
9.27	3
9.28	3
9.29	3
9.3	3
9.31	3
9.32	3
9.33	3
9.34	3
9.35	3
9.36	3
9.37	3
9.38	3
9.39	3
9.4	3
9.41	3
9.42	3
9.43	3
9.44	3
9.45	3
9.46	3
9.47	3
9.48	3
9.49	3
9.5	3
9.51	3
9.52	3
9.53	3
9.54	3
9.55	3
9.56	3
9.57	3
9.58	3
9.59	3
9.6	3
9.61	3
9.62	3
9.63	3
9.64	3
9.65	3
9.66	3
9.67	3
9.68	3
9.69	3
9.7	3
9.71	3
9.72	3
9.73	3
9.74	3
9.75	3
9.76	3
9.77	3
9.78	3
9.79	3
9.8	3
9.81	3
9.82	3
9.83	3
9.84	3
9.85	3
9.86	3
9.87	3
9.88	3
9.89	3
9.9	3
9.91	3
9.92	3
9.93	3
9.94	3
9.95	3
9.96	3
9.97	3
9.98	3
9.99	3
10	3
10.01	3
10.02	3
10.03	3
10.04	3
10.05	3
10.06	3
10.07	3
10.08	3
10.09	3
10.1	3
10.11	3
10.12	3
10.13	3
10.14	3
10.15	3
10.16	3
10.17	3
10.18	3
10.19	3
10.2	3
10.21	3
10.22	3
10.23	3
10.24	3
10.25	3
10.26	3
10.27	3
10.28	3
10.29	3
10.3	3
10.31	3
10.32	3
10.33	3
10.34	3
10.35	3
10.36	3
10.37	3
10.38	3
10.39	3
10.4	3
10.41	3
10.42	3
10.43	3
10.44	3
10.45	3
10.46	3
10.47	3
10.48	3
10.49	3
10.5	3
10.51	3
10.52	3
10.53	3
10.54	3
10.55	3
10.56	3
10.57	3
10.58	3
10.59	3
10.6	3
10.61	3
10.62	3
10.63	3
10.64	3
10.65	3
10.66	3
10.67	3
10.68	3
10.69	3
10.7	3
10.71	3
10.72	3
10.73	3
10.74	3
10.75	3
10.76	3
10.77	3
10.78	3
10.79	3
10.8	3
10.81	3
10.82	3
10.83	3
10.84	3
10.85	3
10.86	3
10.87	3
10.88	3
10.89	3
10.9	3
10.91	3
10.92	3
10.93	3
10.94	3
10.95	3
10.96	3
10.97	3
10.98	3
10.99	3
11	3
11.01	3
11.02	3
11.03	3
11.04	3
11.05	3
11.06	3
11.07	3
11.08	3
11.09	3
11.1	3
11.11	3
11.12	3
11.13	3
11.14	3
11.15	3
11.16	3
11.17	3
11.18	3
11.19	3
11.2	3
11.21	3
11.22	3
11.23	3
11.24	3
11.25	3
11.26	3
11.27	3
11.28	3
11.29	3
11.3	3
11.31	3
11.32	3
11.33	3
11.34	3
11.35	3
11.36	3
11.37	3
11.38	3
11.39	3
11.4	3
11.41	3
11.42	3
11.43	3
11.44	3
11.45	3
11.46	3
11.47	3
11.48	3
11.49	3
11.5	3
11.51	3
11.52	3
11.53	3
11.54	3
11.55	3
11.56	3
11.57	3
11.58	3
11.59	3
11.6	3
11.61	3
11.62	3
11.63	3
11.64	3
11.65	3
11.66	3
11.67	3
11.68	3
11.69	3
11.7	3
11.71	3
11.72	3
11.73	3
11.74	3
11.75	3
11.76	3
11.77	3
11.78	3
11.79	3
11.8	3
11.81	3
11.82	3
11.83	3
11.84	3
11.85	3
11.86	3
11.87	3
11.88	3
11.89	3
11.9	3
11.91	3
11.92	3
11.93	3
11.94	3
11.95	3
11.96	3
11.97	3
11.98	3
11.99	3
12	3
12.01	3
12.02	3
12.03	3
12.04	3
12.05	3
12.06	3
12.07	3
12.08	3
12.09	3
12.1	3
12.11	3
12.12	3
12.13	3
12.14	3
12.15	3
12.16	3
12.17	3
12.18	3
12.19	3
12.2	3
12.21	3
12.22	3
12.23	3
12.24	3
12.25	3
12.26	3
12.27	3
12.28	3
12.29	3
12.3	3
12.31	3
12.32	3
12.33	3
12.34	3
12.35	3
12.36	3
12.37	3
12.38	3
12.39	3
12.4	3
12.41	3
12.42	3
12.43	3
12.44	3
12.45	3
12.46	3
12.47	3
12.48	3
12.49	3
12.5	3
12.51	3
12.52	3
12.53	3
12.54	3
12.55	3
12.56	3
12.57	3
12.58	3
12.59	3
12.6	3
12.61	3
12.62	3
12.63	3
12.64	3
12.65	3
12.66	3
12.67	3
12.68	3
12.69	3
12.7	3
12.71	3
12.72	3
12.73	3
12.74	3
12.75	3
12.76	3
12.77	3
12.78	3
12.79	3
12.8	3
12.81	4
12.82	4
12.83	4
12.84	4
12.85	4
12.86	4
12.87	4
12.88	4
12.89	4
12.9	4
12.91	4
12.92	4
12.93	4
12.94	4
12.95	4
12.96	4
12.97	4
12.98	4
12.99	4
13	4
13.01	4
13.02	4
13.03	4
13.04	4
13.05	4
13.06	4
13.07	4
13.08	4
13.09	4
13.1	4
13.11	4
13.12	4
13.13	4
13.14	4
13.15	4
13.16	4
13.17	4
13.18	4
13.19	4
13.2	4
13.21	4
13.22	4
13.23	4
13.24	4
13.25	4
13.26	4
13.27	4
13.28	4
13.29	4
13.3	4
13.31	4
13.32	4
13.33	4
13.34	4
13.35	4
13.36	4
13.37	4
13.38	4
13.39	4
13.4	4
13.41	4
13.42	4
13.43	4
13.44	4
13.45	4
13.46	4
13.47	4
13.48	4
13.49	4
13.5	4
13.51	4
13.52	4
13.53	4
13.54	4
13.55	4
13.56	4
13.57	4
13.58	4
13.59	4
13.6	4
13.61	4
13.62	4
13.63	4
13.64	4
13.65	4
13.66	4
13.67	4
13.68	4
13.69	4
13.7	4
13.71	4
13.72	4
13.73	4
13.74	4
13.75	4
13.76	4
13.77	4
13.78	4
13.79	4
13.8	4
13.81	4
13.82	4
13.83	4
13.84	4
13.85	4
13.86	4
13.87	4
13.88	4
13.89	4
13.9	4
13.91	4
13.92	4
13.93	4
13.94	4
13.95	4
13.96	4
13.97	4
13.98	4
13.99	4
14	4
14.01	4
14.02	4
14.03	4
14.04	4
14.05	4
14.06	4
14.07	4
14.08	4
14.09	4
14.1	4
14.11	4
14.12	4
14.13	4
14.14	4
14.15	4
14.16	4
14.17	4
14.18	4
14.19	4
14.2	4
14.21	4
14.22	4
14.23	4
14.24	4
14.25	4
14.26	4
14.27	4
14.28	4
14.29	4
14.3	4
14.31	4
14.32	4
14.33	4
14.34	4
14.35	4
14.36	4
14.37	4
14.38	4
14.39	4
14.4	4
14.41	4
14.42	4
14.43	4
14.44	4
14.45	4
14.46	4
14.47	4
14.48	4
14.49	4
14.5	4
14.51	4
14.52	4
14.53	4
14.54	4
14.55	4
14.56	4
14.57	4
14.58	4
14.59	4
14.6	4
14.61	4
14.62	4
14.63	4
14.64	4
14.65	4
14.66	4
14.67	4
14.68	4
14.69	4
14.7	4
14.71	4
14.72	4
14.73	4
14.74	4
14.75	4
14.76	4
14.77	4
14.78	4
14.79	4
14.8	4
14.81	4
14.82	4
14.83	4
14.84	4
14.85	4
14.86	4
14.87	4
14.88	4
14.89	4
14.9	4
14.91	4
14.92	4
14.93	4
14.94	4
14.95	4
14.96	4
14.97	4
14.98	4
14.99	4
15	4
15.01	4
15.02	4
15.03	4
15.04	4
15.05	4
15.06	4
15.07	4
15.08	4
15.09	4
15.1	4
15.11	4
15.12	4
15.13	4
15.14	4
15.15	4
15.16	4
15.17	4
15.18	4
15.19	4
15.2	4
15.21	4
15.22	4
15.23	4
15.24	4
15.25	4
15.26	4
15.27	4
15.28	4
15.29	4
15.3	4
15.31	4
15.32	4
15.33	4
15.34	4
15.35	4
15.36	4
15.37	4
15.38	4
15.39	4
15.4	4
15.41	4
15.42	4
15.43	4
15.44	4
15.45	4
15.46	4
15.47	4
15.48	4
15.49	4
15.5	4
15.51	4
15.52	4
15.53	4
15.54	4
15.55	4
15.56	4
15.57	4
15.58	4
15.59	4
15.6	4
15.61	4
15.62	4
15.63	4
15.64	4
15.65	4
15.66	4
15.67	4
15.68	4
15.69	4
15.7	4
15.71	4
15.72	4
15.73	4
15.74	4
15.75	4
15.76	4
15.77	4
15.78	4
15.79	4
15.8	4
15.81	4
15.82	4
15.83	4
15.84	4
15.85	4
15.86	4
15.87	4
15.88	4
15.89	4
15.9	4
15.91	4
15.92	4
15.93	4
15.94	4
15.95	4
15.96	4
15.97	4
15.98	4
15.99	4
16	4
16.01	4
16.02	4
16.03	4
16.04	4
16.05	4
16.06	4
16.07	4
16.08	4
16.09	4
16.1	4
16.11	4
16.12	4
16.13	4
16.14	4
16.15	4
16.16	4
16.17	4
16.18	4
16.19	4
16.2	4
16.21	4
16.22	4
16.23	4
16.24	4
16.25	4
16.26	4
16.27	4
16.28	4
16.29	4
16.3	4
16.31	4
16.32	4
16.33	4
16.34	4
16.35	4
16.36	4
16.37	4
16.38	4
16.39	4
16.4	4
16.41	4
16.42	4
16.43	4
16.44	4
16.45	4
16.46	4
16.47	4
16.48	4
16.49	4
16.5	4
16.51	4
16.52	4
16.53	4
16.54	4
16.55	4
16.56	4
16.57	4
16.58	4
16.59	4
16.6	5
16.61	5
16.62	5
16.63	5
16.64	5
16.65	5
16.66	5
16.67	5
16.68	5
16.69	5
16.7	5
16.71	5
16.72	5
16.73	5
16.74	5
16.75	5
16.76	5
16.77	5
16.78	5
16.79	5
16.8	5
16.81	5
16.82	5
16.83	5
16.84	5
16.85	5
16.86	5
16.87	5
16.88	5
16.89	5
16.9	5
16.91	5
16.92	5
16.93	5
16.94	5
16.95	5
16.96	5
16.97	5
16.98	5
16.99	5
17	5
17.01	5
17.02	5
17.03	5
17.04	5
17.05	5
17.06	5
17.07	5
17.08	5
17.09	5
17.1	5
17.11	5
17.12	5
17.13	5
17.14	5
17.15	5
17.16	5
17.17	5
17.18	5
17.19	5
17.2	5
17.21	5
17.22	5
17.23	5
17.24	5
17.25	5
17.26	5
17.27	5
17.28	5
17.29	5
17.3	5
17.31	5
17.32	5
17.33	5
17.34	5
17.35	5
17.36	5
17.37	5
17.38	5
17.39	5
17.4	5
17.41	5
17.42	5
17.43	5
17.44	5
17.45	5
17.46	5
17.47	5
17.48	5
17.49	5
17.5	5
17.51	5
17.52	5
17.53	5
17.54	5
17.55	5
17.56	5
17.57	5
17.58	5
17.59	5
17.6	5
17.61	5
17.62	5
17.63	5
17.64	5
17.65	5
17.66	5
17.67	5
17.68	5
17.69	5
17.7	5
17.71	5
17.72	5
17.73	5
17.74	5
17.75	5
17.76	5
17.77	5
17.78	5
17.79	5
17.8	5
17.81	5
17.82	5
17.83	5
17.84	5
17.85	5
17.86	5
17.87	5
17.88	5
17.89	5
17.9	5
17.91	5
17.92	5
17.93	5
17.94	5
17.95	5
17.96	5
17.97	5
17.98	5
17.99	5
18	5
18.01	5
18.02	5
18.03	5
18.04	5
18.05	5
18.06	5
18.07	5
18.08	5
18.09	5
18.1	5
18.11	5
18.12	5
18.13	5
18.14	5
18.15	5
18.16	5
18.17	5
18.18	5
18.19	5
18.2	5
18.21	5
18.22	5
18.23	5
18.24	5
18.25	5
18.26	5
18.27	5
18.28	5
18.29	5
18.3	5
18.31	5
18.32	5
18.33	5
18.34	5
18.35	5
18.36	5
18.37	5
18.38	5
18.39	5
18.4	5
18.41	5
18.42	5
18.43	5
18.44	5
18.45	5
18.46	5
18.47	5
18.48	5
18.49	5
18.5	5
18.51	5
18.52	5
18.53	5
18.54	5
18.55	5
18.56	5
18.57	5
18.58	5
18.59	5
18.6	5
18.61	5
18.62	5
18.63	5
18.64	5
18.65	5
18.66	5
18.67	5
18.68	5
18.69	5
18.7	5
18.71	5
18.72	5
18.73	5
18.74	5
18.75	5
18.76	5
18.77	5
18.78	5
18.79	5
18.8	5
18.81	5
18.82	5
18.83	5
18.84	5
18.85	5
18.86	5
18.87	5
18.88	5
18.89	5
18.9	5
18.91	5
18.92	5
18.93	5
18.94	5
18.95	5
18.96	5
18.97	5
18.98	5
18.99	5
19	5
19.01	5
19.02	5
19.03	5
19.04	5
19.05	5
19.06	5
19.07	5
19.08	5
19.09	5
19.1	5
19.11	5
19.12	5
19.13	5
19.14	5
19.15	5
19.16	5
19.17	5
19.18	5
19.19	5
19.2	5
19.21	5
19.22	5
19.23	5
19.24	5
19.25	5
19.26	5
19.27	5
19.28	5
19.29	5
19.3	5
19.31	5
19.32	5
19.33	5
19.34	5
19.35	5
19.36	5
19.37	5
19.38	5
19.39	5
19.4	5
19.41	5
19.42	5
19.43	5
19.44	5
19.45	5
19.46	5
19.47	5
19.48	5
19.49	5
19.5	5
19.51	5
19.52	5
19.53	5
19.54	5
19.55	5
19.56	5
19.57	5
19.58	5
19.59	5
19.6	5
19.61	5
19.62	5
19.63	5
19.64	5
19.65	5
19.66	5
19.67	5
19.68	5
19.69	5
19.7	5
19.71	5
19.72	5
19.73	5
19.74	5
19.75	5
19.76	5
19.77	5
19.78	5
19.79	5
19.8	5
19.81	5
19.82	5
19.83	5
19.84	5
19.85	5
19.86	5
19.87	5
19.88	5
19.89	5
19.9	5
19.91	5
19.92	5
19.93	5
19.94	5
19.95	5
19.96	5
19.97	5
19.98	5
19.99	5
20	5
20.01	5
20.02	5
20.03	5
20.04	5
20.05	5
20.06	5
20.07	5
20.08	5
20.09	5
20.1	5
20.11	5
20.12	5
20.13	5
20.14	5
20.15	5
20.16	5
20.17	5
20.18	5
20.19	5
20.2	6
20.21	6
20.22	6
20.23	6
20.24	6
20.25	6
20.26	6
20.27	6
20.28	6
20.29	6
20.3	6
20.31	6
20.32	6
20.33	6
20.34	6
20.35	6
20.36	6
20.37	6
20.38	6
20.39	6
20.4	6
20.41	6
20.42	6
20.43	6
20.44	6
20.45	6
20.46	6
20.47	6
20.48	6
20.49	6
20.5	6
20.51	6
20.52	6
20.53	6
20.54	6
20.55	6
20.56	6
20.57	6
20.58	6
20.59	6
20.6	6
20.61	6
20.62	6
20.63	6
20.64	6
20.65	6
20.66	6
20.67	6
20.68	6
20.69	6
20.7	6
20.71	6
20.72	6
20.73	6
20.74	6
20.75	6
20.76	6
20.77	6
20.78	6
20.79	6
20.8	6
20.81	6
20.82	6
20.83	6
20.84	6
20.85	6
20.86	6
20.87	6
20.88	6
20.89	6
20.9	6
20.91	6
20.92	6
20.93	6
20.94	6
20.95	6
20.96	6
20.97	6
20.98	6
20.99	6
21	6
21.01	6
21.02	6
21.03	6
21.04	6
21.05	6
21.06	6
21.07	6
21.08	6
21.09	6
21.1	6
21.11	6
21.12	6
21.13	6
21.14	6
21.15	6
21.16	6
21.17	6
21.18	6
21.19	6
21.2	6
21.21	6
21.22	6
21.23	6
21.24	6
21.25	6
21.26	6
21.27	6
21.28	6
21.29	6
21.3	6
21.31	6
21.32	6
21.33	6
21.34	6
21.35	6
21.36	6
21.37	6
21.38	6
21.39	6
21.4	6
21.41	6
21.42	6
21.43	6
21.44	6
21.45	6
21.46	6
21.47	6
21.48	6
21.49	6
21.5	6
21.51	6
21.52	6
21.53	6
21.54	6
21.55	6
21.56	6
21.57	6
21.58	6
21.59	6
21.6	6
21.61	6
21.62	6
21.63	6
21.64	6
21.65	6
21.66	6
21.67	6
21.68	6
21.69	6
21.7	6
21.71	6
21.72	6
21.73	6
21.74	6
21.75	6
21.76	6
21.77	6
21.78	6
21.79	6
21.8	6
21.81	6
21.82	6
21.83	6
21.84	6
21.85	6
21.86	6
21.87	6
21.88	6
21.89	6
21.9	6
21.91	6
21.92	6
21.93	6
21.94	6
21.95	6
21.96	6
21.97	6
21.98	6
21.99	6
22	6
22.01	6
22.02	6
22.03	6
22.04	6
22.05	6
22.06	6
22.07	6
22.08	6
22.09	6
22.1	6
22.11	6
22.12	6
22.13	6
22.14	6
22.15	6
22.16	6
22.17	6
22.18	6
22.19	6
22.2	6
22.21	6
22.22	6
22.23	6
22.24	6
22.25	6
22.26	6
22.27	6
22.28	6
22.29	6
22.3	6
22.31	6
22.32	6
22.33	6
22.34	6
22.35	6
22.36	6
22.37	6
22.38	6
22.39	6
22.4	6
22.41	6
22.42	6
22.43	6
22.44	6
22.45	6
22.46	6
22.47	6
22.48	6
22.49	6
22.5	6
22.51	6
22.52	6
22.53	6
22.54	6
22.55	6
22.56	6
22.57	6
22.58	6
22.59	6
22.6	6
22.61	6
22.62	6
22.63	6
22.64	6
22.65	6
22.66	6
22.67	6
22.68	6
22.69	6
22.7	6
22.71	6
22.72	6
22.73	6
22.74	6
22.75	6
22.76	6
22.77	6
22.78	6
22.79	6
22.8	6
22.81	6
22.82	6
22.83	6
22.84	6
22.85	6
22.86	6
22.87	6
22.88	6
22.89	6
22.9	6
22.91	6
22.92	6
22.93	6
22.94	6
22.95	6
22.96	6
22.97	6
22.98	6
22.99	6
23	6
23.01	6
23.02	6
23.03	6
23.04	6
23.05	6
23.06	6
23.07	6
23.08	6
23.09	6
23.1	6
23.11	6
23.12	6
23.13	6
23.14	6
23.15	6
23.16	6
23.17	6
23.18	6
23.19	6
23.2	6
23.21	6
23.22	6
23.23	6
23.24	6
23.25	6
23.26	6
23.27	6
23.28	6
23.29	6
23.3	6
23.31	6
23.32	6
23.33	6
23.34	6
23.35	6
23.36	6
23.37	6
23.38	6
23.39	6
23.4	6
23.41	6
23.42	6
23.43	6
23.44	6
23.45	6
23.46	6
23.47	6
23.48	6
23.49	6
23.5	6
23.51	6
23.52	6
23.53	6
23.54	6
23.55	6
23.56	6
23.57	6
23.58	6
23.59	6
23.6	6
23.61	6
23.62	6
23.63	6
23.64	6
23.65	6
23.66	6
23.67	6
23.68	6
23.69	6
23.7	6
23.71	6
23.72	6
23.73	6
23.74	6
23.75	6
23.76	6
23.77	6
23.78	6
23.79	6
23.8	6
23.81	7
23.82	7
23.83	7
23.84	7
23.85	7
23.86	7
23.87	7
23.88	7
23.89	7
23.9	7
23.91	7
23.92	7
23.93	7
23.94	7
23.95	7
23.96	7
23.97	7
23.98	7
23.99	7
24	7
24.01	7
24.02	7
24.03	7
24.04	7
24.05	7
24.06	7
24.07	7
24.08	7
24.09	7
24.1	7
24.11	7
24.12	7
24.13	7
24.14	7
24.15	7
24.16	7
24.17	7
24.18	7
24.19	7
24.2	7
24.21	7
24.22	7
24.23	7
24.24	7
24.25	7
24.26	7
24.27	7
24.28	7
24.29	7
24.3	7
24.31	7
24.32	7
24.33	7
24.34	7
24.35	7
24.36	7
24.37	7
24.38	7
24.39	7
24.4	7
24.41	7
24.42	7
24.43	7
24.44	7
24.45	7
24.46	7
24.47	7
24.48	7
24.49	7
24.5	7
24.51	7
24.52	7
24.53	7
24.54	7
24.55	7
24.56	7
24.57	7
24.58	7
24.59	7
24.6	7
24.61	7
24.62	7
24.63	7
24.64	7
24.65	7
24.66	7
24.67	7
24.68	7
24.69	7
24.7	7
24.71	7
24.72	7
24.73	7
24.74	7
24.75	7
24.76	7
24.77	7
24.78	7
24.79	7
24.8	7
24.81	7
24.82	7
24.83	7
24.84	7
24.85	7
24.86	7
24.87	7
24.88	7
24.89	7
24.9	7
24.91	7
24.92	7
24.93	7
24.94	7
24.95	7
24.96	7
24.97	7
24.98	7
24.99	7
25	7
25.01	7
25.02	7
25.03	7
25.04	7
25.05	7
25.06	7
25.07	7
25.08	7
25.09	7
25.1	7
25.11	7
25.12	7
25.13	7
25.14	7
25.15	7
25.16	7
25.17	7
25.18	7
25.19	7
25.2	7
25.21	7
25.22	7
25.23	7
25.24	7
25.25	7
25.26	7
25.27	7
25.28	7
25.29	7
25.3	7
25.31	7
25.32	7
25.33	7
25.34	7
25.35	7
25.36	7
25.37	7
25.38	7
25.39	7
25.4	7
25.41	7
25.42	7
25.43	7
25.44	7
25.45	7
25.46	7
25.47	7
25.48	7
25.49	7
25.5	7
25.51	7
25.52	7
25.53	7
25.54	7
25.55	7
25.56	7
25.57	7
25.58	7
25.59	7
25.6	7
25.61	7
25.62	7
25.63	7
25.64	7
25.65	7
25.66	7
25.67	7
25.68	7
25.69	7
25.7	7
25.71	7
25.72	7
25.73	7
25.74	7
25.75	7
25.76	7
25.77	7
25.78	7
25.79	7
25.8	7
25.81	7
25.82	7
25.83	7
25.84	7
25.85	7
25.86	7
25.87	7
25.88	7
25.89	7
25.9	7
25.91	7
25.92	7
25.93	7
25.94	7
25.95	7
25.96	7
25.97	7
25.98	7
25.99	7
26	7
26.01	7
26.02	7
26.03	7
26.04	7
26.05	7
26.06	7
26.07	7
26.08	7
26.09	7
26.1	7
26.11	7
26.12	7
26.13	7
26.14	7
26.15	7
26.16	7
26.17	7
26.18	7
26.19	7
26.2	7
26.21	7
26.22	7
26.23	7
26.24	7
26.25	7
26.26	7
26.27	7
26.28	7
26.29	7
26.3	7
26.31	7
26.32	7
26.33	7
26.34	7
26.35	7
26.36	7
26.37	7
26.38	7
26.39	7
26.4	7
26.41	7
26.42	7
26.43	7
26.44	7
26.45	7
26.46	7
26.47	7
26.48	7
26.49	7
26.5	7
26.51	7
26.52	7
26.53	7
26.54	7
26.55	7
26.56	7
26.57	7
26.58	7
26.59	7
26.6	7
26.61	7
26.62	7
26.63	7
26.64	7
26.65	7
26.66	7
26.67	7
26.68	7
26.69	7
26.7	7
26.71	7
26.72	7
26.73	7
26.74	7
26.75	7
26.76	7
26.77	7
26.78	7
26.79	7
26.8	7
26.81	7
26.82	7
26.83	7
26.84	7
26.85	7
26.86	7
26.87	7
26.88	7
26.89	7
26.9	7
26.91	7
26.92	7
26.93	7
26.94	7
26.95	7
26.96	7
26.97	7
26.98	7
26.99	7
27	7
27.01	7
27.02	7
27.03	7
27.04	7
27.05	7
27.06	7
27.07	7
27.08	7
27.09	7
27.1	7
27.11	7
27.12	7
27.13	7
27.14	7
27.15	7
27.16	7
27.17	7
27.18	7
27.19	7
27.2	7
27.21	7
27.22	7
27.23	7
27.24	7
27.25	7
27.26	7
27.27	7
27.28	7
27.29	7
27.3	7
27.31	7
27.32	7
27.33	7
27.34	7
27.35	7
27.36	7
27.37	7
27.38	7
27.39	7
27.4	7
27.41	7
27.42	7
27.43	7
27.44	7
27.45	7
27.46	7
27.47	7
27.48	7
27.49	7
27.5	7
27.51	7
27.52	7
27.53	7
27.54	7
27.55	7
27.56	7
27.57	7
27.58	7
27.59	7
27.6	7
27.61	7
27.62	7
27.63	7
27.64	7
27.65	7
27.66	7
27.67	7
27.68	7
27.69	7
27.7	7
27.71	7
27.72	7
27.73	8
27.74	8
27.75	8
27.76	8
27.77	8
27.78	8
27.79	8
27.8	8
27.81	8
27.82	8
27.83	8
27.84	8
27.85	8
27.86	8
27.87	8
27.88	8
27.89	8
27.9	8
27.91	8
27.92	8
27.93	8
27.94	8
27.95	8
27.96	8
27.97	8
27.98	8
27.99	8
28	8
28.01	8
28.02	8
28.03	8
28.04	8
28.05	8
28.06	8
28.07	8
28.08	8
28.09	8
28.1	8
28.11	8
28.12	8
28.13	8
28.14	8
28.15	8
28.16	8
28.17	8
28.18	8
28.19	8
28.2	8
28.21	8
28.22	8
28.23	8
28.24	8
28.25	8
28.26	8
28.27	8
28.28	8
28.29	8
28.3	8
28.31	8
28.32	8
28.33	8
28.34	8
28.35	8
28.36	8
28.37	8
28.38	8
28.39	8
28.4	8
28.41	8
28.42	8
28.43	8
28.44	8
28.45	8
28.46	8
28.47	8
28.48	8
28.49	8
28.5	8
28.51	8
28.52	8
28.53	8
28.54	8
28.55	8
28.56	8
28.57	8
28.58	8
28.59	8
28.6	8
28.61	8
28.62	8
28.63	8
28.64	8
28.65	8
28.66	8
28.67	8
28.68	8
28.69	8
28.7	8
28.71	8
28.72	8
28.73	8
28.74	8
28.75	8
28.76	8
28.77	8
28.78	8
28.79	8
28.8	8
28.81	8
28.82	8
28.83	8
28.84	8
28.85	8
28.86	8
28.87	8
28.88	8
28.89	8
28.9	8
28.91	8
28.92	8
28.93	8
28.94	8
28.95	8
28.96	8
28.97	8
28.98	8
28.99	8
29	8
29.01	8
29.02	8
29.03	8
29.04	8
29.05	8
29.06	8
29.07	8
29.08	8
29.09	8
29.1	8
29.11	8
29.12	8
29.13	8
29.14	8
29.15	8
29.16	8
29.17	8
29.18	8
29.19	8
29.2	8
29.21	8
29.22	8
29.23	8
29.24	8
29.25	8
29.26	8
29.27	8
29.28	8
29.29	8
29.3	8
29.31	8
29.32	8
29.33	8
29.34	8
29.35	8
29.36	8
29.37	8
29.38	8
29.39	8
29.4	8
29.41	8
29.42	8
29.43	8
29.44	8
29.45	8
29.46	8
29.47	8
29.48	8
29.49	8
29.5	8
29.51	8
29.52	8
29.53	8
29.54	8
29.55	8
29.56	8
29.57	8
29.58	8
29.59	8
29.6	8
29.61	8
29.62	8
29.63	8
29.64	8
29.65	8
29.66	8
29.67	8
29.68	8
29.69	8
29.7	8
29.71	8
29.72	8
29.73	8
29.74	8
29.75	8
29.76	8
29.77	8
29.78	8
29.79	8
29.8	8
29.81	8
29.82	8
29.83	8
29.84	8
29.85	8
29.86	8
29.87	8
29.88	8
29.89	8
29.9	8
29.91	8
29.92	8
29.93	8
29.94	8
29.95	8
29.96	8
29.97	8
29.98	8
29.99	8
30	8
30.01	8
30.02	8
30.03	8
30.04	8
30.05	8
30.06	8
30.07	8
30.08	8
30.09	8
30.1	8
30.11	8
30.12	8
30.13	8
30.14	8
30.15	8
30.16	8
30.17	8
30.18	8
30.19	8
30.2	8
30.21	8
30.22	8
30.23	8
30.24	8
30.25	8
30.26	8
30.27	8
30.28	8
30.29	8
30.3	8
30.31	8
30.32	8
30.33	8
30.34	8
30.35	8
30.36	8
30.37	8
30.38	8
30.39	8
30.4	8
30.41	8
30.42	8
30.43	8
30.44	8
30.45	8
30.46	8
30.47	8
30.48	8
30.49	8
30.5	8
30.51	8
30.52	8
30.53	8
30.54	8
30.55	8
30.56	8
30.57	8
30.58	8
30.59	8
30.6	8
30.61	8
30.62	8
30.63	8
30.64	8
30.65	8
30.66	8
30.67	8
30.68	8
30.69	8
30.7	8
30.71	8
30.72	8
30.73	8
30.74	8
30.75	8
30.76	8
30.77	8
30.78	8
30.79	8
30.8	8
30.81	8
30.82	8
30.83	8
30.84	8
30.85	8
30.86	8
30.87	8
30.88	8
30.89	8
30.9	8
30.91	8
30.92	8
30.93	8
30.94	8
30.95	8
30.96	8
30.97	8
30.98	8
30.99	8
31	8
31.01	8
31.02	8
31.03	8
31.04	8
31.05	8
31.06	8
31.07	8
31.08	8
31.09	8
31.1	8
31.11	8
31.12	8
31.13	8
31.14	8
31.15	8
31.16	8
31.17	8
31.18	8
31.19	8
31.2	8
31.21	8
31.22	8
31.23	8
31.24	8
31.25	8
31.26	8
31.27	8
31.28	8
31.29	8
31.3	8
31.31	8
31.32	8
31.33	8
31.34	8
31.35	8
31.36	8
31.37	8
31.38	8
31.39	8
31.4	8
31.41	8
31.42	8
31.43	8
31.44	8
31.45	8
31.46	8
31.47	8
31.48	8
31.49	8
31.5	8
31.51	8
31.52	8
31.53	8
31.54	8
31.55	8
31.56	8
31.57	8
31.58	8
31.59	8
31.6	8
31.61	8
31.62	8
31.63	8
31.64	8
31.65	8
31.66	9
31.67	9
31.68	9
31.69	9
31.7	9
31.71	9
31.72	9
31.73	9
31.74	9
31.75	9
31.76	9
31.77	9
31.78	9
31.79	9
31.8	9
31.81	9
31.82	9
31.83	9
31.84	9
31.85	9
31.86	9
31.87	9
31.88	9
31.89	9
31.9	9
31.91	9
31.92	9
31.93	9
31.94	9
31.95	9
31.96	9
31.97	9
31.98	9
31.99	9
32	9
32.01	9
32.02	9
32.03	9
32.04	9
32.05	9
32.06	9
32.07	9
32.08	9
32.09	9
32.1	9
32.11	9
32.12	9
32.13	9
32.14	9
32.15	9
32.16	9
32.17	9
32.18	9
32.19	9
32.2	9
32.21	9
32.22	9
32.23	9
32.24	9
32.25	9
32.26	9
32.27	9
32.28	9
32.29	9
32.3	9
32.31	9
32.32	9
32.33	9
32.34	9
32.35	9
32.36	9
32.37	9
32.38	9
32.39	9
32.4	9
32.41	9
32.42	9
32.43	9
32.44	9
32.45	9
32.46	9
32.47	9
32.48	9
32.49	9
32.5	9
32.51	9
32.52	9
32.53	9
32.54	9
32.55	9
32.56	9
32.57	9
32.58	9
32.59	9
32.6	9
32.61	9
32.62	9
32.63	9
32.64	9
32.65	9
32.66	9
32.67	9
32.68	9
32.69	9
32.7	9
32.71	9
32.72	9
32.73	9
32.74	9
32.75	9
32.76	9
32.77	9
32.78	9
32.79	9
32.8	9
32.81	9
32.82	9
32.83	9
32.84	9
32.85	9
32.86	9
32.87	9
32.88	9
32.89	9
32.9	9
32.91	9
32.92	9
32.93	9
32.94	9
32.95	9
32.96	9
32.97	9
32.98	9
32.99	9
33	9
33.01	9
33.02	9
33.03	9
33.04	9
33.05	9
33.06	9
33.07	9
33.08	9
33.09	9
33.1	9
33.11	9
33.12	9
33.13	9
33.14	9
33.15	9
33.16	9
33.17	9
33.18	9
33.19	9
33.2	9
33.21	9
33.22	9
33.23	9
33.24	9
33.25	9
33.26	9
33.27	9
33.28	9
33.29	9
33.3	9
33.31	9
33.32	9
33.33	9
33.34	9
33.35	9
33.36	9
33.37	9
33.38	9
33.39	9
33.4	9
33.41	9
33.42	9
33.43	9
33.44	9
33.45	9
33.46	9
33.47	9
33.48	9
33.49	9
33.5	9
33.51	9
33.52	9
33.53	9
33.54	9
33.55	9
33.56	9
33.57	9
33.58	9
33.59	9
33.6	9
33.61	9
33.62	9
33.63	9
33.64	9
33.65	9
33.66	9
33.67	9
33.68	9
33.69	9
33.7	9
33.71	9
33.72	9
33.73	9
33.74	9
33.75	9
33.76	9
33.77	9
33.78	9
33.79	9
33.8	9
33.81	9
33.82	9
33.83	9
33.84	9
33.85	9
33.86	9
33.87	9
33.88	9
33.89	9
33.9	9
33.91	9
33.92	9
33.93	9
33.94	9
33.95	9
33.96	9
33.97	9
33.98	9
33.99	9
34	9
34.01	9
34.02	9
34.03	9
34.04	9
34.05	9
34.06	9
34.07	9
34.08	9
34.09	9
34.1	9
34.11	9
34.12	9
34.13	9
34.14	9
34.15	9
34.16	9
34.17	9
34.18	9
34.19	9
34.2	9
34.21	9
34.22	9
34.23	9
34.24	9
34.25	9
34.26	9
34.27	9
34.28	9
34.29	9
34.3	9
34.31	9
34.32	9
34.33	9
34.34	9
34.35	9
34.36	9
34.37	9
34.38	9
34.39	9
34.4	9
34.41	9
34.42	9
34.43	9
34.44	9
34.45	9
34.46	9
34.47	9
34.48	9
34.49	9
34.5	9
34.51	9
34.52	9
34.53	9
34.54	9
34.55	9
34.56	9
34.57	9
34.58	9
34.59	9
34.6	9
34.61	9
34.62	9
34.63	9
34.64	9
34.65	9
34.66	9
34.67	9
34.68	9
34.69	9
34.7	9
34.71	9
34.72	9
34.73	9
34.74	9
34.75	9
34.76	9
34.77	9
34.78	9
34.79	9
34.8	9
34.81	9
34.82	9
34.83	9
34.84	9
34.85	9
34.86	9
34.87	9
34.88	9
34.89	9
34.9	9
34.91	9
34.92	9
34.93	9
34.94	9
34.95	9
34.96	9
34.97	9
34.98	9
34.99	9
35	9
35.01	9
35.02	9
35.03	9
35.04	9
35.05	9
35.06	9
35.07	9
35.08	9
35.09	9
35.1	9
35.11	9
35.12	9
35.13	9
35.14	9
35.15	9
35.16	9
35.17	9
35.18	9
35.19	9
35.2	9
35.21	9
35.22	9
35.23	9
35.24	9
35.25	9
35.26	9
35.27	9
35.28	9
35.29	9
35.3	9
35.31	9
35.32	9
35.33	9
35.34	9
35.35	9
35.36	9
35.37	9
35.38	9
35.39	9
35.4	9
35.41	9
35.42	9
35.43	9
35.44	9
35.45	9
35.46	9
35.47	9
35.48	9
35.49	9
35.5	9
35.51	9
35.52	9
35.53	9
35.54	9
35.55	9
35.56	9
35.57	9
35.58	9
35.59	9
35.6	9
35.61	9
35.62	9
35.63	9
35.64	10
35.65	10
35.66	10
35.67	10
35.68	10
35.69	10
35.7	10
35.71	10
35.72	10
35.73	10
35.74	10
35.75	10
35.76	10
35.77	10
35.78	10
35.79	10
35.8	10
35.81	10
35.82	10
35.83	10
35.84	10
35.85	10
35.86	10
35.87	10
35.88	10
35.89	10
35.9	10
35.91	10
35.92	10
35.93	10
35.94	10
35.95	10
35.96	10
35.97	10
35.98	10
35.99	10
36	10
36.01	10
36.02	10
36.03	10
36.04	10
36.05	10
36.06	10
36.07	10
36.08	10
36.09	10
36.1	10
36.11	10
36.12	10
36.13	10
36.14	10
36.15	10
36.16	10
36.17	10
36.18	10
36.19	10
36.2	10
36.21	10
36.22	10
36.23	10
36.24	10
36.25	10
36.26	10
36.27	10
36.28	10
36.29	10
36.3	10
36.31	10
36.32	10
36.33	10
36.34	10
36.35	10
36.36	10
36.37	10
36.38	10
36.39	10
36.4	10
36.41	10
36.42	10
36.43	10
36.44	10
36.45	10
36.46	10
36.47	10
36.48	10
36.49	10
36.5	10
36.51	10
36.52	10
36.53	10
36.54	10
36.55	10
36.56	10
36.57	10
36.58	10
36.59	10
36.6	10
36.61	10
36.62	10
36.63	10
36.64	10
36.65	10
36.66	10
36.67	10
36.68	10
36.69	10
36.7	10
36.71	10
36.72	10
36.73	10
36.74	10
36.75	10
36.76	10
36.77	10
36.78	10
36.79	10
36.8	10
36.81	10
36.82	10
36.83	10
36.84	10
36.85	10
36.86	10
36.87	10
36.88	10
36.89	10
36.9	10
36.91	10
36.92	10
36.93	10
36.94	10
36.95	10
36.96	10
36.97	10
36.98	10
36.99	10
37	10
37.01	10
37.02	10
37.03	10
37.04	10
37.05	10
37.06	10
37.07	10
37.08	10
37.09	10
37.1	10
37.11	10
37.12	10
37.13	10
37.14	10
37.15	10
37.16	10
37.17	10
37.18	10
37.19	10
37.2	10
37.21	10
37.22	10
37.23	10
37.24	10
37.25	10
37.26	10
37.27	10
37.28	10
37.29	10
37.3	10
37.31	10
37.32	10
37.33	10
37.34	10
37.35	10
37.36	10
37.37	10
37.38	10
37.39	10
37.4	10
37.41	10
37.42	10
37.43	10
37.44	10
37.45	10
37.46	10
37.47	10
37.48	10
37.49	10
37.5	10
37.51	10
37.52	10
37.53	10
37.54	10
37.55	10
37.56	10
37.57	10
37.58	10
37.59	10
37.6	10
37.61	10
37.62	10
37.63	10
37.64	10
37.65	10
37.66	10
37.67	10
37.68	10
37.69	10
37.7	10
37.71	10
37.72	10
37.73	10
37.74	10
37.75	10
37.76	10
37.77	10
37.78	10
37.79	10
37.8	10
37.81	10
37.82	10
37.83	10
37.84	10
37.85	10
37.86	10
37.87	10
37.88	10
37.89	10
37.9	10
37.91	10
37.92	10
37.93	10
37.94	10
37.95	10
37.96	10
37.97	10
37.98	10
37.99	10
38	10
38.01	10
38.02	10
38.03	10
38.04	10
38.05	10
38.06	10
38.07	10
38.08	10
38.09	10
38.1	10
38.11	10
38.12	10
38.13	10
38.14	10
38.15	10
38.16	10
38.17	10
38.18	10
38.19	10
38.2	10
38.21	10
38.22	10
38.23	10
38.24	10
38.25	10
38.26	10
38.27	10
38.28	10
38.29	10
38.3	10
38.31	10
38.32	10
38.33	10
38.34	10
38.35	10
38.36	10
38.37	10
38.38	10
38.39	10
38.4	10
38.41	10
38.42	10
38.43	10
38.44	10
38.45	10
38.46	10
38.47	10
38.48	10
38.49	10
38.5	10
38.51	10
38.52	10
38.53	10
38.54	10
38.55	10
38.56	10
38.57	10
38.58	10
38.59	10
38.6	10
38.61	10
38.62	10
38.63	10
38.64	10
38.65	10
38.66	10
38.67	10
38.68	10
38.69	10
38.7	10
38.71	10
38.72	10
38.73	10
38.74	10
38.75	10
38.76	10
38.77	10
38.78	10
38.79	10
38.8	10
38.81	10
38.82	10
38.83	10
38.84	10
38.85	10
38.86	10
38.87	10
38.88	10
38.89	10
38.9	10
38.91	10
38.92	10
38.93	10
38.94	10
38.95	10
38.96	10
38.97	10
38.98	10
38.99	10
39	10
39.01	10
39.02	10
39.03	10
39.04	10
39.05	10
39.06	10
39.07	10
39.08	10
39.09	10
39.1	10
39.11	10
39.12	10
39.13	10
39.14	10
39.15	10
39.16	10
39.17	10
39.18	10
39.19	10
39.2	10
39.21	10
39.22	10
39.23	10
39.24	10
39.25	10
39.26	10
39.27	10
39.28	10
39.29	10
39.3	10
39.31	10
39.32	10
39.33	10
39.34	10
39.35	10
39.36	10
39.37	10
39.38	10
39.39	10
39.4	10
39.41	10
39.42	10
39.43	10
39.44	10
39.45	10
39.46	10
39.47	10
39.48	10
39.49	10
39.5	10
39.51	10
39.52	10
39.53	10
39.54	10
39.55	10
39.56	10
39.57	10
39.58	10
39.59	10
39.6	10
39.61	10
39.62	10
39.63	10
39.64	10
39.65	10
39.66	10
39.67	10
39.68	10
39.69	10
39.7	10
39.71	10
39.72	10
39.73	10
39.74	10
39.75	10
39.76	10
39.77	10
39.78	10
39.79	10
39.8	11
39.81	11
39.82	11
39.83	11
39.84	11
39.85	11
39.86	11
39.87	11
39.88	11
39.89	11
39.9	11
39.91	11
39.92	11
39.93	11
39.94	11
39.95	11
39.96	11
39.97	11
39.98	11
39.99	11
40	11
40.01	11
40.02	11
40.03	11
40.04	11
40.05	11
40.06	11
40.07	11
40.08	11
40.09	11
40.1	11
40.11	11
40.12	11
40.13	11
40.14	11
40.15	11
40.16	11
40.17	11
40.18	11
40.19	11
40.2	11
40.21	11
40.22	11
40.23	11
40.24	11
40.25	11
40.26	11
40.27	11
40.28	11
40.29	11
40.3	11
40.31	11
40.32	11
40.33	11
40.34	11
40.35	11
40.36	11
40.37	11
40.38	11
40.39	11
40.4	11
40.41	11
40.42	11
40.43	11
40.44	11
40.45	11
40.46	11
40.47	11
40.48	11
40.49	11
40.5	11
40.51	11
40.52	11
40.53	11
40.54	11
40.55	11
40.56	11
40.57	11
40.58	11
40.59	11
40.6	11
40.61	11
40.62	11
40.63	11
40.64	11
40.65	11
40.66	11
40.67	11
40.68	11
40.69	11
40.7	11
40.71	11
40.72	11
40.73	11
40.74	11
40.75	11
40.76	11
40.77	11
40.78	11
40.79	11
40.8	11
40.81	11
40.82	11
40.83	11
40.84	11
40.85	11
40.86	11
40.87	11
40.88	11
40.89	11
40.9	11
40.91	11
40.92	11
40.93	11
40.94	11
40.95	11
40.96	11
40.97	11
40.98	11
40.99	11
41	11
41.01	11
41.02	11
41.03	11
41.04	11
41.05	11
41.06	11
41.07	11
41.08	11
41.09	11
41.1	11
41.11	11
41.12	11
41.13	11
41.14	11
41.15	11
41.16	11
41.17	11
41.18	11
41.19	11
41.2	11
41.21	11
41.22	11
41.23	11
41.24	11
41.25	11
41.26	11
41.27	11
41.28	11
41.29	11
41.3	11
41.31	11
41.32	11
41.33	11
41.34	11
41.35	11
41.36	11
41.37	11
41.38	11
41.39	11
41.4	11
41.41	11
41.42	11
41.43	11
41.44	11
41.45	11
41.46	11
41.47	11
41.48	11
41.49	11
41.5	11
41.51	11
41.52	11
41.53	11
41.54	11
41.55	11
41.56	11
41.57	11
41.58	11
41.59	11
41.6	11
41.61	11
41.62	11
41.63	11
41.64	11
41.65	11
41.66	11
41.67	11
41.68	11
41.69	11
41.7	11
41.71	11
41.72	11
41.73	11
41.74	11
41.75	11
41.76	11
41.77	11
41.78	11
41.79	11
41.8	11
41.81	11
41.82	11
41.83	11
41.84	11
41.85	11
41.86	11
41.87	11
41.88	11
41.89	11
41.9	11
41.91	11
41.92	11
41.93	11
41.94	11
41.95	11
41.96	11
41.97	11
41.98	11
41.99	11
42	11
42.01	11
42.02	11
42.03	11
42.04	11
42.05	11
42.06	11
42.07	11
42.08	11
42.09	11
42.1	11
42.11	11
42.12	11
42.13	11
42.14	11
42.15	11
42.16	11
42.17	11
42.18	11
42.19	11
42.2	11
42.21	11
42.22	11
42.23	11
42.24	11
42.25	11
42.26	11
42.27	11
42.28	11
42.29	11
42.3	11
42.31	11
42.32	11
42.33	11
42.34	11
42.35	11
42.36	11
42.37	11
42.38	11
42.39	11
42.4	11
42.41	11
42.42	11
42.43	11
42.44	11
42.45	11
42.46	11
42.47	11
42.48	11
42.49	11
42.5	11
42.51	11
42.52	11
42.53	11
42.54	11
42.55	11
42.56	11
42.57	11
42.58	11
42.59	11
42.6	11
42.61	11
42.62	11
42.63	11
42.64	11
42.65	11
42.66	11
42.67	11
42.68	11
42.69	11
42.7	11
42.71	11
42.72	11
42.73	11
42.74	11
42.75	11
42.76	11
42.77	11
42.78	11
42.79	11
42.8	11
42.81	11
42.82	11
42.83	11
42.84	11
42.85	11
42.86	11
42.87	11
42.88	11
42.89	11
42.9	11
42.91	11
42.92	11
42.93	11
42.94	11
42.95	11
42.96	11
42.97	11
42.98	11
42.99	11
43	11
43.01	11
43.02	11
43.03	11
43.04	11
43.05	11
43.06	11
43.07	11
43.08	11
43.09	11
43.1	11
43.11	11
43.12	11
43.13	11
43.14	11
43.15	11
43.16	11
43.17	11
43.18	11
43.19	11
43.2	11
43.21	11
43.22	11
43.23	11
43.24	11
43.25	11
43.26	11
43.27	11
43.28	11
43.29	11
43.3	11
43.31	11
43.32	11
43.33	11
43.34	11
43.35	11
43.36	11
43.37	11
43.38	11
43.39	11
43.4	11
43.41	11
43.42	11
43.43	11
43.44	11
43.45	11
43.46	11
43.47	11
43.48	11
43.49	11
43.5	11
43.51	11
43.52	11
43.53	11
43.54	11
43.55	11
43.56	11
43.57	11
43.58	11
43.59	11
43.6	11
43.61	11
43.62	11
43.63	11
43.64	11
43.65	11
43.66	11
43.67	11
43.68	11
43.69	11
43.7	11
43.71	11
43.72	12
43.73	12
43.74	12
43.75	12
43.76	12
43.77	12
43.78	12
43.79	12
43.8	12
43.81	12
43.82	12
43.83	12
43.84	12
43.85	12
43.86	12
43.87	12
43.88	12
43.89	12
43.9	12
43.91	12
43.92	12
43.93	12
43.94	12
43.95	12
43.96	12
43.97	12
43.98	12
43.99	12
44	12
44.01	12
44.02	12
44.03	12
44.04	12
44.05	12
44.06	12
44.07	12
44.08	12
44.09	12
44.1	12
44.11	12
44.12	12
44.13	12
44.14	12
44.15	12
44.16	12
44.17	12
44.18	12
44.19	12
44.2	12
44.21	12
44.22	12
44.23	12
44.24	12
44.25	12
44.26	12
44.27	12
44.28	12
44.29	12
44.3	12
44.31	12
44.32	12
44.33	12
44.34	12
44.35	12
44.36	12
44.37	12
44.38	12
44.39	12
44.4	12
44.41	12
44.42	12
44.43	12
44.44	12
44.45	12
44.46	12
44.47	12
44.48	12
44.49	12
44.5	12
44.51	12
44.52	12
44.53	12
44.54	12
44.55	12
44.56	12
44.57	12
44.58	12
44.59	12
44.6	12
44.61	12
44.62	12
44.63	12
44.64	12
44.65	12
44.66	12
44.67	12
44.68	12
44.69	12
44.7	12
44.71	12
44.72	12
44.73	12
44.74	12
44.75	12
44.76	12
44.77	12
44.78	12
44.79	12
44.8	12
44.81	12
44.82	12
44.83	12
44.84	12
44.85	12
44.86	12
44.87	12
44.88	12
44.89	12
44.9	12
44.91	12
44.92	12
44.93	12
44.94	12
44.95	12
44.96	12
44.97	12
44.98	12
44.99	12
45	12
45.01	12
45.02	12
45.03	12
45.04	12
45.05	12
45.06	12
45.07	12
45.08	12
45.09	12
45.1	12
45.11	12
45.12	12
45.13	12
45.14	12
45.15	12
45.16	12
45.17	12
45.18	12
45.19	12
45.2	12
45.21	12
45.22	12
45.23	12
45.24	12
45.25	12
45.26	12
45.27	12
45.28	12
45.29	12
45.3	12
45.31	12
45.32	12
45.33	12
45.34	12
45.35	12
45.36	12
45.37	12
45.38	12
45.39	12
45.4	12
45.41	12
45.42	12
45.43	12
45.44	12
45.45	12
45.46	12
45.47	12
45.48	12
45.49	12
45.5	12
45.51	12
45.52	12
45.53	12
45.54	12
45.55	12
45.56	12
45.57	12
45.58	12
45.59	12
45.6	12
45.61	12
45.62	12
45.63	12
45.64	12
45.65	12
45.66	12
45.67	12
45.68	12
45.69	12
45.7	12
45.71	12
45.72	12
45.73	12
45.74	12
45.75	12
45.76	12
45.77	12
45.78	12
45.79	12
45.8	12
45.81	12
45.82	12
45.83	12
45.84	12
45.85	12
45.86	12
45.87	12
45.88	12
45.89	12
45.9	12
45.91	12
45.92	12
45.93	12
45.94	12
45.95	12
45.96	12
45.97	12
45.98	12
45.99	12
46	12
46.01	12
46.02	12
46.03	12
46.04	12
46.05	12
46.06	12
46.07	12
46.08	12
46.09	12
46.1	12
46.11	12
46.12	12
46.13	12
46.14	12
46.15	12
46.16	12
46.17	12
46.18	12
46.19	12
46.2	12
46.21	12
46.22	12
46.23	12
46.24	12
46.25	12
46.26	12
46.27	12
46.28	12
46.29	12
46.3	12
46.31	12
46.32	12
46.33	12
46.34	12
46.35	12
46.36	12
46.37	12
46.38	12
46.39	12
46.4	12
46.41	12
46.42	12
46.43	12
46.44	12
46.45	12
46.46	12
46.47	12
46.48	12
46.49	12
46.5	12
46.51	12
46.52	12
46.53	12
46.54	12
46.55	12
46.56	12
46.57	12
46.58	12
46.59	12
46.6	12
46.61	12
46.62	12
46.63	12
46.64	12
46.65	12
46.66	12
46.67	12
46.68	12
46.69	12
46.7	12
46.71	12
46.72	12
46.73	12
46.74	12
46.75	12
46.76	12
46.77	12
46.78	12
46.79	12
46.8	12
46.81	12
46.82	12
46.83	12
46.84	12
46.85	12
46.86	12
46.87	12
46.88	12
46.89	12
46.9	12
46.91	12
46.92	12
46.93	12
46.94	12
46.95	12
46.96	12
46.97	12
46.98	12
46.99	12
47	12
47.01	12
47.02	12
47.03	12
47.04	12
47.05	12
47.06	12
47.07	12
47.08	12
47.09	12
47.1	12
47.11	12
47.12	12
47.13	12
47.14	12
47.15	12
47.16	12
47.17	12
47.18	12
47.19	12
47.2	12
47.21	12
47.22	12
47.23	12
47.24	12
47.25	12
47.26	12
47.27	12
47.28	12
47.29	12
47.3	12
47.31	12
47.32	12
47.33	12
47.34	12
47.35	12
47.36	12
47.37	12
47.38	12
47.39	12
47.4	12
47.41	12
47.42	12
47.43	12
47.44	12
47.45	12
47.46	12
47.47	12
47.48	12
47.49	13
47.5	13
47.51	13
47.52	13
47.53	13
47.54	13
47.55	13
47.56	13
47.57	13
47.58	13
47.59	13
47.6	13
47.61	13
47.62	13
47.63	13
47.64	13
47.65	13
47.66	13
47.67	13
47.68	13
47.69	13
47.7	13
47.71	13
47.72	13
47.73	13
47.74	13
47.75	13
47.76	13
47.77	13
47.78	13
47.79	13
47.8	13
47.81	13
47.82	13
47.83	13
47.84	13
47.85	13
47.86	13
47.87	13
47.88	13
47.89	13
47.9	13
47.91	13
47.92	13
47.93	13
47.94	13
47.95	13
47.96	13
47.97	13
47.98	13
47.99	13
48	13
48.01	13
48.02	13
48.03	13
48.04	13
48.05	13
48.06	13
48.07	13
48.08	13
48.09	13
48.1	13
48.11	13
48.12	13
48.13	13
48.14	13
48.15	13
48.16	13
48.17	13
48.18	13
48.19	13
48.2	13
48.21	13
48.22	13
48.23	13
48.24	13
48.25	13
48.26	13
48.27	13
48.28	13
48.29	13
48.3	13
48.31	13
48.32	13
48.33	13
48.34	13
48.35	13
48.36	13
48.37	13
48.38	13
48.39	13
48.4	13
48.41	13
48.42	13
48.43	13
48.44	13
48.45	13
48.46	13
48.47	13
48.48	13
48.49	13
48.5	13
48.51	13
48.52	13
48.53	13
48.54	13
48.55	13
48.56	13
48.57	13
48.58	13
48.59	13
48.6	13
48.61	13
48.62	13
48.63	13
48.64	13
48.65	13
48.66	13
48.67	13
48.68	13
48.69	13
48.7	13
48.71	13
48.72	13
48.73	13
48.74	13
48.75	13
48.76	13
48.77	13
48.78	13
48.79	13
48.8	13
48.81	13
48.82	13
48.83	13
48.84	13
48.85	13
48.86	13
48.87	13
48.88	13
48.89	13
48.9	13
48.91	13
48.92	13
48.93	13
48.94	13
48.95	13
48.96	13
48.97	13
48.98	13
48.99	13
49	13
49.01	13
49.02	13
49.03	13
49.04	13
49.05	13
49.06	13
49.07	13
49.08	13
49.09	13
49.1	13
49.11	13
49.12	13
49.13	13
49.14	13
49.15	13
49.16	13
49.17	13
49.18	13
49.19	13
49.2	13
49.21	13
49.22	13
49.23	13
49.24	13
49.25	13
49.26	13
49.27	13
49.28	13
49.29	13
49.3	13
49.31	13
49.32	13
49.33	13
49.34	13
49.35	13
49.36	13
49.37	13
49.38	13
49.39	13
49.4	13
49.41	13
49.42	13
49.43	13
49.44	13
49.45	13
49.46	13
49.47	13
49.48	13
49.49	13
49.5	13
49.51	13
49.52	13
49.53	13
49.54	13
49.55	13
49.56	13
49.57	13
49.58	13
49.59	13
49.6	13
49.61	13
49.62	13
49.63	13
49.64	13
49.65	13
49.66	13
49.67	13
49.68	13
49.69	13
49.7	13
49.71	13
49.72	13
49.73	13
49.74	13
49.75	13
49.76	13
49.77	13
49.78	13
49.79	13
49.8	13
49.81	13
49.82	13
49.83	13
49.84	13
49.85	13
49.86	13
49.87	13
49.88	13
49.89	13
49.9	13
49.91	13
49.92	13
49.93	13
49.94	13
49.95	13
49.96	13
49.97	13
49.98	13
49.99	13
50	13
50.01	13
50.02	13
50.03	13
50.04	13
50.05	13
50.06	13
50.07	13
50.08	13
50.09	13
50.1	13
50.11	13
50.12	13
50.13	13
50.14	13
50.15	13
50.16	13
50.17	13
50.18	13
50.19	13
50.2	13
50.21	13
50.22	13
50.23	13
50.24	13
50.25	13
50.26	13
50.27	13
50.28	13
50.29	13
50.3	13
50.31	13
50.32	13
50.33	13
50.34	13
50.35	13
50.36	13
50.37	13
50.38	13
50.39	13
50.4	13
50.41	13
50.42	13
50.43	13
50.44	13
50.45	13
50.46	13
50.47	13
50.48	13
50.49	13
50.5	13
50.51	13
50.52	13
50.53	13
50.54	13
50.55	13
50.56	13
50.57	13
50.58	13
50.59	13
50.6	13
50.61	13
50.62	13
50.63	13
50.64	13
50.65	13
50.66	13
50.67	13
50.68	13
50.69	13
50.7	13
50.71	13
50.72	13
50.73	13
50.74	13
50.75	13
50.76	13
50.77	13
50.78	13
50.79	13
50.8	13
50.81	13
50.82	13
50.83	13
50.84	13
50.85	13
50.86	13
50.87	13
50.88	13
50.89	13
50.9	13
50.91	13
50.92	13
50.93	13
50.94	13
50.95	13
50.96	13
50.97	13
50.98	13
50.99	13
51	13
51.01	13
51.02	13
51.03	13
51.04	13
51.05	13
51.06	13
51.07	13
51.08	13
51.09	13
51.1	13
51.11	13
51.12	13
51.13	13
51.14	13
51.15	13
51.16	13
51.17	13
51.18	13
51.19	13
51.2	13
51.21	13
51.22	13
51.23	13
51.24	13
51.25	13
51.26	13
51.27	13
51.28	13
51.29	14
51.3	14
51.31	14
51.32	14
51.33	14
51.34	14
51.35	14
51.36	14
51.37	14
51.38	14
51.39	14
51.4	14
51.41	14
51.42	14
51.43	14
51.44	14
51.45	14
51.46	14
51.47	14
51.48	14
51.49	14
51.5	14
51.51	14
51.52	14
51.53	14
51.54	14
51.55	14
51.56	14
51.57	14
51.58	14
51.59	14
51.6	14
51.61	14
51.62	14
51.63	14
51.64	14
51.65	14
51.66	14
51.67	14
51.68	14
51.69	14
51.7	14
51.71	14
51.72	14
51.73	14
51.74	14
51.75	14
51.76	14
51.77	14
51.78	14
51.79	14
51.8	14
51.81	14
51.82	14
51.83	14
51.84	14
51.85	14
51.86	14
51.87	14
51.88	14
51.89	14
51.9	14
51.91	14
51.92	14
51.93	14
51.94	14
51.95	14
51.96	14
51.97	14
51.98	14
51.99	14
52	14
52.01	14
52.02	14
52.03	14
52.04	14
52.05	14
52.06	14
52.07	14
52.08	14
52.09	14
52.1	14
52.11	14
52.12	14
52.13	14
52.14	14
52.15	14
52.16	14
52.17	14
52.18	14
52.19	14
52.2	14
52.21	14
52.22	14
52.23	14
52.24	14
52.25	14
52.26	14
52.27	14
52.28	14
52.29	14
52.3	14
52.31	14
52.32	14
52.33	14
52.34	14
52.35	14
52.36	14
52.37	14
52.38	14
52.39	14
52.4	14
52.41	14
52.42	14
52.43	14
52.44	14
52.45	14
52.46	14
52.47	14
52.48	14
52.49	14
52.5	14
52.51	14
52.52	14
52.53	14
52.54	14
52.55	14
52.56	14
52.57	14
52.58	14
52.59	14
52.6	14
52.61	14
52.62	14
52.63	14
52.64	14
52.65	14
52.66	14
52.67	14
52.68	14
52.69	14
52.7	14
52.71	14
52.72	14
52.73	14
52.74	14
52.75	14
52.76	14
52.77	14
52.78	14
52.79	14
52.8	14
52.81	14
52.82	14
52.83	14
52.84	14
52.85	14
52.86	14
52.87	14
52.88	14
52.89	14
52.9	14
52.91	14
52.92	14
52.93	14
52.94	14
52.95	14
52.96	14
52.97	14
52.98	14
52.99	14
53	14
53.01	14
53.02	14
53.03	14
53.04	14
53.05	14
53.06	14
53.07	14
53.08	14
53.09	14
53.1	14
53.11	14
53.12	14
53.13	14
53.14	14
53.15	14
53.16	14
53.17	14
53.18	14
53.19	14
53.2	14
53.21	14
53.22	14
53.23	14
53.24	14
53.25	14
53.26	14
53.27	14
53.28	14
53.29	14
53.3	14
53.31	14
53.32	14
53.33	14
53.34	14
53.35	14
53.36	14
53.37	14
53.38	14
53.39	14
53.4	14
53.41	14
53.42	14
53.43	14
53.44	14
53.45	14
53.46	14
53.47	14
53.48	14
53.49	14
53.5	14
53.51	14
53.52	14
53.53	14
53.54	14
53.55	14
53.56	14
53.57	14
53.58	14
53.59	14
53.6	14
53.61	14
53.62	14
53.63	14
53.64	14
53.65	14
53.66	14
53.67	14
53.68	14
53.69	14
53.7	14
53.71	14
53.72	14
53.73	14
53.74	14
53.75	14
53.76	14
53.77	14
53.78	14
53.79	14
53.8	14
53.81	14
53.82	14
53.83	14
53.84	14
53.85	14
53.86	14
53.87	14
53.88	14
53.89	14
53.9	14
53.91	14
53.92	14
53.93	14
53.94	14
53.95	14
53.96	14
53.97	14
53.98	14
53.99	14
54	14
54.01	14
54.02	14
54.03	14
54.04	14
54.05	14
54.06	14
54.07	14
54.08	14
54.09	14
54.1	14
54.11	14
54.12	14
54.13	14
54.14	14
54.15	14
54.16	14
54.17	14
54.18	14
54.19	14
54.2	14
54.21	14
54.22	14
54.23	14
54.24	14
54.25	14
54.26	14
54.27	14
54.28	14
54.29	14
54.3	14
54.31	14
54.32	14
54.33	14
54.34	14
54.35	14
54.36	14
54.37	14
54.38	14
54.39	14
54.4	14
54.41	14
54.42	14
54.43	14
54.44	14
54.45	14
54.46	14
54.47	14
54.48	14
54.49	14
54.5	14
54.51	14
54.52	14
54.53	14
54.54	14
54.55	14
54.56	14
54.57	14
54.58	14
54.59	14
54.6	14
54.61	14
54.62	14
54.63	14
54.64	14
54.65	14
54.66	14
54.67	14
54.68	14
54.69	14
54.7	14
54.71	14
54.72	14
54.73	14
54.74	14
54.75	14
54.76	14
54.77	14
54.78	14
54.79	14
54.8	14
54.81	14
54.82	14
54.83	14
54.84	14
54.85	14
54.86	14
54.87	14
54.88	14
54.89	14
54.9	14
54.91	14
54.92	14
54.93	14
54.94	14
54.95	14
54.96	14
54.97	14
54.98	14
54.99	14
55	14
55.01	14
55.02	14
55.03	14
55.04	14
55.05	14
55.06	14
55.07	14
55.08	14
55.09	14
55.1	14
55.11	14
55.12	15
55.13	15
55.14	15
55.15	15
55.16	15
55.17	15
55.18	15
55.19	15
55.2	15
55.21	15
55.22	15
55.23	15
55.24	15
55.25	15
55.26	15
55.27	15
55.28	15
55.29	15
55.3	15
55.31	15
55.32	15
55.33	15
55.34	15
55.35	15
55.36	15
55.37	15
55.38	15
55.39	15
55.4	15
55.41	15
55.42	15
55.43	15
55.44	15
55.45	15
55.46	15
55.47	15
55.48	15
55.49	15
55.5	15
55.51	15
55.52	15
55.53	15
55.54	15
55.55	15
55.56	15
55.57	15
55.58	15
55.59	15
55.6	15
55.61	15
55.62	15
55.63	15
55.64	15
55.65	15
55.66	15
55.67	15
55.68	15
55.69	15
55.7	15
55.71	15
55.72	15
55.73	15
55.74	15
55.75	15
55.76	15
55.77	15
55.78	15
55.79	15
55.8	15
55.81	15
55.82	15
55.83	15
55.84	15
55.85	15
55.86	15
55.87	15
55.88	15
55.89	15
55.9	15
55.91	15
55.92	15
55.93	15
55.94	15
55.95	15
55.96	15
55.97	15
55.98	15
55.99	15
56	15
56.01	15
56.02	15
56.03	15
56.04	15
56.05	15
56.06	15
56.07	15
56.08	15
56.09	15
56.1	15
56.11	15
56.12	15
56.13	15
56.14	15
56.15	15
56.16	15
56.17	15
56.18	15
56.19	15
56.2	15
56.21	15
56.22	15
56.23	15
56.24	15
56.25	15
56.26	15
56.27	15
56.28	15
56.29	15
56.3	15
56.31	15
56.32	15
56.33	15
56.34	15
56.35	15
56.36	15
56.37	15
56.38	15
56.39	15
56.4	15
56.41	15
56.42	15
56.43	15
56.44	15
56.45	15
56.46	15
56.47	15
56.48	15
56.49	15
56.5	15
56.51	15
56.52	15
56.53	15
56.54	15
56.55	15
56.56	15
56.57	15
56.58	15
56.59	15
56.6	15
56.61	15
56.62	15
56.63	15
56.64	15
56.65	15
56.66	15
56.67	15
56.68	15
56.69	15
56.7	15
56.71	15
56.72	15
56.73	15
56.74	15
56.75	15
56.76	15
56.77	15
56.78	15
56.79	15
56.8	15
56.81	15
56.82	15
56.83	15
56.84	15
56.85	15
56.86	15
56.87	15
56.88	15
56.89	15
56.9	15
56.91	15
56.92	15
56.93	15
56.94	15
56.95	15
56.96	15
56.97	15
56.98	15
56.99	15
57	15
57.01	15
57.02	15
57.03	15
57.04	15
57.05	15
57.06	15
57.07	15
57.08	15
57.09	15
57.1	15
57.11	15
57.12	15
57.13	15
57.14	15
57.15	15
57.16	15
57.17	15
57.18	15
57.19	15
57.2	15
57.21	15
57.22	15
57.23	15
57.24	15
57.25	15
57.26	15
57.27	15
57.28	15
57.29	15
57.3	15
57.31	15
57.32	15
57.33	15
57.34	15
57.35	15
57.36	15
57.37	15
57.38	15
57.39	15
57.4	15
57.41	15
57.42	15
57.43	15
57.44	15
57.45	15
57.46	15
57.47	15
57.48	15
57.49	15
57.5	15
57.51	15
57.52	15
57.53	15
57.54	15
57.55	15
57.56	15
57.57	15
57.58	15
57.59	15
57.6	15
57.61	15
57.62	15
57.63	15
57.64	15
57.65	15
57.66	15
57.67	15
57.68	15
57.69	15
57.7	15
57.71	15
57.72	15
57.73	15
57.74	15
57.75	15
57.76	15
57.77	15
57.78	15
57.79	15
57.8	15
57.81	15
57.82	15
57.83	15
57.84	15
57.85	15
57.86	15
57.87	15
57.88	15
57.89	15
57.9	15
57.91	15
57.92	15
57.93	15
57.94	15
57.95	15
57.96	15
57.97	15
57.98	15
57.99	15
58	15
58.01	15
58.02	15
58.03	15
58.04	15
58.05	15
58.06	15
58.07	15
58.08	15
58.09	15
58.1	15
58.11	15
58.12	15
58.13	15
58.14	15
58.15	15
58.16	15
58.17	15
58.18	15
58.19	15
58.2	15
58.21	15
58.22	15
58.23	15
58.24	15
58.25	15
58.26	15
58.27	15
58.28	15
58.29	15
58.3	15
58.31	15
58.32	15
58.33	15
58.34	15
58.35	15
58.36	15
58.37	15
58.38	15
58.39	15
58.4	15
58.41	15
58.42	15
58.43	15
58.44	15
58.45	15
58.46	15
58.47	15
58.48	15
58.49	15
58.5	15
58.51	15
58.52	15
58.53	15
58.54	15
58.55	15
58.56	15
58.57	15
58.58	15
58.59	15
58.6	15
58.61	15
58.62	15
58.63	15
58.64	15
58.65	15
58.66	15
58.67	15
58.68	15
58.69	15
58.7	15
58.71	15
58.72	15
58.73	15
58.74	15
58.75	15
58.76	15
58.77	15
58.78	15
58.79	15
58.8	15
58.81	15
58.82	15
58.83	15
58.84	15
58.85	15
58.86	15
58.87	15
58.88	15
58.89	15
58.9	16
58.91	16
58.92	16
58.93	16
58.94	16
58.95	16
58.96	16
58.97	16
58.98	16
58.99	16
59	16
59.01	16
59.02	16
59.03	16
59.04	16
59.05	16
59.06	16
59.07	16
59.08	16
59.09	16
59.1	16
59.11	16
59.12	16
59.13	16
59.14	16
59.15	16
59.16	16
59.17	16
59.18	16
59.19	16
59.2	16
59.21	16
59.22	16
59.23	16
59.24	16
59.25	16
59.26	16
59.27	16
59.28	16
59.29	16
59.3	16
59.31	16
59.32	16
59.33	16
59.34	16
59.35	16
59.36	16
59.37	16
59.38	16
59.39	16
59.4	16
59.41	16
59.42	16
59.43	16
59.44	16
59.45	16
59.46	16
59.47	16
59.48	16
59.49	16
59.5	16
59.51	16
59.52	16
59.53	16
59.54	16
59.55	16
59.56	16
59.57	16
59.58	16
59.59	16
59.6	16
59.61	16
59.62	16
59.63	16
59.64	16
59.65	16
59.66	16
59.67	16
59.68	16
59.69	16
59.7	16
59.71	16
59.72	16
59.73	16
59.74	16
59.75	16
59.76	16
59.77	16
59.78	16
59.79	16
59.8	16
59.81	16
59.82	16
59.83	16
59.84	16
59.85	16
59.86	16
59.87	16
59.88	16
59.89	16
59.9	16
59.91	16
59.92	16
59.93	16
59.94	16
59.95	16
59.96	16
59.97	16
59.98	16
59.99	16
60	16
60.01	16
60.02	16
60.03	16
60.04	16
60.05	16
60.06	16
60.07	16
60.08	16
60.09	16
60.1	16
60.11	16
60.12	16
60.13	16
60.14	16
60.15	16
60.16	16
60.17	16
60.18	16
60.19	16
60.2	16
60.21	16
60.22	16
60.23	16
60.24	16
60.25	16
60.26	16
60.27	16
60.28	16
60.29	16
60.3	16
60.31	16
60.32	16
60.33	16
60.34	16
60.35	16
60.36	16
60.37	16
60.38	16
60.39	16
60.4	16
60.41	16
60.42	16
60.43	16
60.44	16
60.45	16
60.46	16
60.47	16
60.48	16
60.49	16
60.5	16
60.51	16
60.52	16
60.53	16
60.54	16
60.55	16
60.56	16
60.57	16
60.58	16
60.59	16
60.6	16
60.61	16
60.62	16
60.63	16
60.64	16
60.65	16
60.66	16
60.67	16
60.68	16
60.69	16
60.7	16
60.71	16
60.72	16
60.73	16
60.74	16
60.75	16
60.76	16
60.77	16
60.78	16
60.79	16
60.8	16
60.81	16
60.82	16
60.83	16
60.84	16
60.85	16
60.86	16
60.87	16
60.88	16
60.89	16
60.9	16
60.91	16
60.92	16
60.93	16
60.94	16
60.95	16
60.96	16
60.97	16
60.98	16
60.99	16
61	16
61.01	16
61.02	16
61.03	16
61.04	16
61.05	16
61.06	16
61.07	16
61.08	16
61.09	16
61.1	16
61.11	16
61.12	16
61.13	16
61.14	16
61.15	16
61.16	16
61.17	16
61.18	16
61.19	16
61.2	16
61.21	16
61.22	16
61.23	16
61.24	16
61.25	16
61.26	16
61.27	16
61.28	16
61.29	16
61.3	16
61.31	16
61.32	16
61.33	16
61.34	16
61.35	16
61.36	16
61.37	16
61.38	16
61.39	16
61.4	16
61.41	16
61.42	16
61.43	16
61.44	16
61.45	16
61.46	16
61.47	16
61.48	16
61.49	16
61.5	16
61.51	16
61.52	16
61.53	16
61.54	16
61.55	16
61.56	16
61.57	16
61.58	16
61.59	16
61.6	16
61.61	16
61.62	16
61.63	16
61.64	16
61.65	16
61.66	16
61.67	16
61.68	16
61.69	16
61.7	16
61.71	16
61.72	16
61.73	16
61.74	16
61.75	16
61.76	16
61.77	16
61.78	16
61.79	16
61.8	16
61.81	16
61.82	16
61.83	16
61.84	16
61.85	16
61.86	16
61.87	16
61.88	16
61.89	16
61.9	16
61.91	16
61.92	16
61.93	16
61.94	16
61.95	16
61.96	16
61.97	16
61.98	16
61.99	16
62	16
62.01	16
62.02	16
62.03	16
62.04	16
62.05	16
62.06	16
62.07	16
62.08	16
62.09	16
62.1	16
62.11	16
62.12	16
62.13	16
62.14	16
62.15	16
62.16	16
62.17	16
62.18	16
62.19	16
62.2	16
62.21	16
62.22	16
62.23	16
62.24	16
62.25	16
62.26	16
62.27	16
62.28	16
62.29	16
62.3	16
62.31	16
62.32	16
62.33	16
62.34	16
62.35	16
62.36	16
62.37	16
62.38	16
62.39	16
62.4	16
62.41	16
62.42	16
62.43	16
62.44	16
62.45	16
62.46	16
62.47	16
62.48	16
62.49	16
62.5	16
62.51	16
62.52	16
62.53	16
62.54	16
62.55	16
62.56	16
62.57	16
62.58	16
62.59	16
62.6	16
62.61	16
62.62	16
62.63	16
62.64	16
62.65	16
62.66	16
62.67	16
62.68	16
62.69	16
62.7	17
62.71	17
62.72	17
62.73	17
62.74	17
62.75	17
62.76	17
62.77	17
62.78	17
62.79	17
62.8	17
62.81	17
62.82	17
62.83	17
62.84	17
62.85	17
62.86	17
62.87	17
62.88	17
62.89	17
62.9	17
62.91	17
62.92	17
62.93	17
62.94	17
62.95	17
62.96	17
62.97	17
62.98	17
62.99	17
63	17
63.01	17
63.02	17
63.03	17
63.04	17
63.05	17
63.06	17
63.07	17
63.08	17
63.09	17
63.1	17
63.11	17
63.12	17
63.13	17
63.14	17
63.15	17
63.16	17
63.17	17
63.18	17
63.19	17
63.2	17
63.21	17
63.22	17
63.23	17
63.24	17
63.25	17
63.26	17
63.27	17
63.28	17
63.29	17
63.3	17
63.31	17
63.32	17
63.33	17
63.34	17
63.35	17
63.36	17
63.37	17
63.38	17
63.39	17
63.4	17
63.41	17
63.42	17
63.43	17
63.44	17
63.45	17
63.46	17
63.47	17
63.48	17
63.49	17
63.5	17
63.51	17
63.52	17
63.53	17
63.54	17
63.55	17
63.56	17
63.57	17
63.58	17
63.59	17
63.6	17
63.61	17
63.62	17
63.63	17
63.64	17
63.65	17
63.66	17
63.67	17
63.68	17
63.69	17
63.7	17
63.71	17
63.72	17
63.73	17
63.74	17
63.75	17
63.76	17
63.77	17
63.78	17
63.79	17
63.8	17
63.81	17
63.82	17
63.83	17
63.84	17
63.85	17
63.86	17
63.87	17
63.88	17
63.89	17
63.9	17
63.91	17
63.92	17
63.93	17
63.94	17
63.95	17
63.96	17
63.97	17
63.98	17
63.99	17
64	17
64.01	17
64.02	17
64.03	17
64.04	17
64.05	17
64.06	17
64.07	17
64.08	17
64.09	17
64.1	17
64.11	17
64.12	17
64.13	17
64.14	17
64.15	17
64.16	17
64.17	17
64.18	17
64.19	17
64.2	17
64.21	17
64.22	17
64.23	17
64.24	17
64.25	17
64.26	17
64.27	17
64.28	17
64.29	17
64.3	17
64.31	17
64.32	17
64.33	17
64.34	17
64.35	17
64.36	17
64.37	17
64.38	17
64.39	17
64.4	17
64.41	17
64.42	17
64.43	17
64.44	17
64.45	17
64.46	17
64.47	17
64.48	17
64.49	17
64.5	17
64.51	17
64.52	17
64.53	17
64.54	17
64.55	17
64.56	17
64.57	17
64.58	17
64.59	17
64.6	17
64.61	17
64.62	17
64.63	17
64.64	17
64.65	17
64.66	17
64.67	17
64.68	17
64.69	17
64.7	17
64.71	17
64.72	17
64.73	17
64.74	17
64.75	17
64.76	17
64.77	17
64.78	17
64.79	17
64.8	17
64.81	17
64.82	17
64.83	17
64.84	17
64.85	17
64.86	17
64.87	17
64.88	17
64.89	17
64.9	17
64.91	17
64.92	17
64.93	17
64.94	17
64.95	17
64.96	17
64.97	17
64.98	17
64.99	17
65	17
65.01	17
65.02	17
65.03	17
65.04	17
65.05	17
65.06	17
65.07	17
65.08	17
65.09	17
65.1	17
65.11	17
65.12	17
65.13	17
65.14	17
65.15	17
65.16	17
65.17	17
65.18	17
65.19	17
65.2	17
65.21	17
65.22	17
65.23	17
65.24	17
65.25	17
65.26	17
65.27	17
65.28	17
65.29	17
65.3	17
65.31	17
65.32	17
65.33	17
65.34	17
65.35	17
65.36	17
65.37	17
65.38	17
65.39	17
65.4	17
65.41	17
65.42	17
65.43	17
65.44	17
65.45	17
65.46	17
65.47	17
65.48	17
65.49	17
65.5	17
65.51	17
65.52	17
65.53	17
65.54	17
65.55	17
65.56	17
65.57	17
65.58	17
65.59	17
65.6	17
65.61	17
65.62	17
65.63	17
65.64	17
65.65	17
65.66	17
65.67	17
65.68	17
65.69	17
65.7	17
65.71	17
65.72	17
65.73	17
65.74	17
65.75	17
65.76	17
65.77	17
65.78	17
65.79	17
65.8	17
65.81	17
65.82	17
65.83	17
65.84	17
65.85	17
65.86	17
65.87	17
65.88	17
65.89	17
65.9	17
65.91	17
65.92	17
65.93	17
65.94	17
65.95	17
65.96	17
65.97	17
65.98	17
65.99	17
66	17
66.01	17
66.02	17
66.03	17
66.04	17
66.05	17
66.06	17
66.07	17
66.08	17
66.09	17
66.1	17
66.11	17
66.12	17
66.13	17
66.14	17
66.15	17
66.16	17
66.17	17
66.18	17
66.19	17
66.2	17
66.21	17
66.22	17
66.23	17
66.24	17
66.25	17
66.26	17
66.27	17
66.28	17
66.29	17
66.3	17
66.31	17
66.32	17
66.33	17
66.34	17
66.35	17
66.36	17
66.37	17
66.38	17
66.39	17
66.4	17
66.41	17
66.42	17
66.43	17
66.44	17
66.45	17
66.46	17
66.47	17
66.48	17
66.49	17
66.5	17
66.51	18
66.52	18
66.53	18
66.54	18
66.55	18
66.56	18
66.57	18
66.58	18
66.59	18
66.6	18
66.61	18
66.62	18
66.63	18
66.64	18
66.65	18
66.66	18
66.67	18
66.68	18
66.69	18
66.7	18
66.71	18
66.72	18
66.73	18
66.74	18
66.75	18
66.76	18
66.77	18
66.78	18
66.79	18
66.8	18
66.81	18
66.82	18
66.83	18
66.84	18
66.85	18
66.86	18
66.87	18
66.88	18
66.89	18
66.9	18
66.91	18
66.92	18
66.93	18
66.94	18
66.95	18
66.96	18
66.97	18
66.98	18
66.99	18
67	18
67.01	18
67.02	18
67.03	18
67.04	18
67.05	18
67.06	18
67.07	18
67.08	18
67.09	18
67.1	18
67.11	18
67.12	18
67.13	18
67.14	18
67.15	18
67.16	18
67.17	18
67.18	18
67.19	18
67.2	18
67.21	18
67.22	18
67.23	18
67.24	18
67.25	18
67.26	18
67.27	18
67.28	18
67.29	18
67.3	18
67.31	18
67.32	18
67.33	18
67.34	18
67.35	18
67.36	18
67.37	18
67.38	18
67.39	18
67.4	18
67.41	18
67.42	18
67.43	18
67.44	18
67.45	18
67.46	18
67.47	18
67.48	18
67.49	18
67.5	18
67.51	18
67.52	18
67.53	18
67.54	18
67.55	18
67.56	18
67.57	18
67.58	18
67.59	18
67.6	18
67.61	18
67.62	18
67.63	18
67.64	18
67.65	18
67.66	18
67.67	18
67.68	18
67.69	18
67.7	18
67.71	18
67.72	18
67.73	18
67.74	18
67.75	18
67.76	18
67.77	18
67.78	18
67.79	18
67.8	18
67.81	18
67.82	18
67.83	18
67.84	18
67.85	18
67.86	18
67.87	18
67.88	18
67.89	18
67.9	18
67.91	18
67.92	18
67.93	18
67.94	18
67.95	18
67.96	18
67.97	18
67.98	18
67.99	18
68	18
68.01	18
68.02	18
68.03	18
68.04	18
68.05	18
68.06	18
68.07	18
68.08	18
68.09	18
68.1	18
68.11	18
68.12	18
68.13	18
68.14	18
68.15	18
68.16	18
68.17	18
68.18	18
68.19	18
68.2	18
68.21	18
68.22	18
68.23	18
68.24	18
68.25	18
68.26	18
68.27	18
68.28	18
68.29	18
68.3	18
68.31	18
68.32	18
68.33	18
68.34	18
68.35	18
68.36	18
68.37	18
68.38	18
68.39	18
68.4	18
68.41	18
68.42	18
68.43	18
68.44	18
68.45	18
68.46	18
68.47	18
68.48	18
68.49	18
68.5	18
68.51	18
68.52	18
68.53	18
68.54	18
68.55	18
68.56	18
68.57	18
68.58	18
68.59	18
68.6	18
68.61	18
68.62	18
68.63	18
68.64	18
68.65	18
68.66	18
68.67	18
68.68	18
68.69	18
68.7	18
68.71	18
68.72	18
68.73	18
68.74	18
68.75	18
68.76	18
68.77	18
68.78	18
68.79	18
68.8	18
68.81	18
68.82	18
68.83	18
68.84	18
68.85	18
68.86	18
68.87	18
68.88	18
68.89	18
68.9	18
68.91	18
68.92	18
68.93	18
68.94	18
68.95	18
68.96	18
68.97	18
68.98	18
68.99	18
69	18
69.01	18
69.02	18
69.03	18
69.04	18
69.05	18
69.06	18
69.07	18
69.08	18
69.09	18
69.1	18
69.11	18
69.12	18
69.13	18
69.14	18
69.15	18
69.16	18
69.17	18
69.18	18
69.19	18
69.2	18
69.21	18
69.22	18
69.23	18
69.24	18
69.25	18
69.26	18
69.27	18
69.28	18
69.29	18
69.3	18
69.31	18
69.32	18
69.33	18
69.34	18
69.35	18
69.36	18
69.37	18
69.38	18
69.39	18
69.4	18
69.41	18
69.42	18
69.43	18
69.44	18
69.45	18
69.46	18
69.47	18
69.48	18
69.49	18
69.5	18
69.51	18
69.52	18
69.53	18
69.54	18
69.55	18
69.56	18
69.57	18
69.58	18
69.59	18
69.6	18
69.61	18
69.62	18
69.63	18
69.64	18
69.65	18
69.66	18
69.67	18
69.68	18
69.69	18
69.7	18
69.71	18
69.72	18
69.73	18
69.74	18
69.75	18
69.76	18
69.77	18
69.78	18
69.79	18
69.8	18
69.81	18
69.82	18
69.83	18
69.84	18
69.85	18
69.86	18
69.87	18
69.88	18
69.89	18
69.9	18
69.91	18
69.92	18
69.93	18
69.94	18
69.95	18
69.96	18
69.97	18
69.98	18
69.99	18
70	18
70.01	18
70.02	18
70.03	18
70.04	18
70.05	18
70.06	18
70.07	18
70.08	18
70.09	18
70.1	18
70.11	18
70.12	18
70.13	18
70.14	18
70.15	18
70.16	18
70.17	18
70.18	18
70.19	18
70.2	18
70.21	18
70.22	18
70.23	18
70.24	18
70.25	18
70.26	18
70.27	18
70.28	18
70.29	18
70.3	18
70.31	18
70.32	19
70.33	19
70.34	19
70.35	19
70.36	19
70.37	19
70.38	19
70.39	19
70.4	19
70.41	19
70.42	19
70.43	19
70.44	19
70.45	19
70.46	19
70.47	19
70.48	19
70.49	19
70.5	19
70.51	19
70.52	19
70.53	19
70.54	19
70.55	19
70.56	19
70.57	19
70.58	19
70.59	19
70.6	19
70.61	19
70.62	19
70.63	19
70.64	19
70.65	19
70.66	19
70.67	19
70.68	19
70.69	19
70.7	19
70.71	19
70.72	19
70.73	19
70.74	19
70.75	19
70.76	19
70.77	19
70.78	19
70.79	19
70.8	19
70.81	19
70.82	19
70.83	19
70.84	19
70.85	19
70.86	19
70.87	19
70.88	19
70.89	19
70.9	19
70.91	19
70.92	19
70.93	19
70.94	19
70.95	19
70.96	19
70.97	19
70.98	19
70.99	19
71	19
71.01	19
71.02	19
71.03	19
71.04	19
71.05	19
71.06	19
71.07	19
71.08	19
71.09	19
71.1	19
71.11	19
71.12	19
71.13	19
71.14	19
71.15	19
71.16	19
71.17	19
71.18	19
71.19	19
71.2	19
71.21	19
71.22	19
71.23	19
71.24	19
71.25	19
71.26	19
71.27	19
71.28	19
71.29	19
71.3	19
71.31	19
71.32	19
71.33	19
71.34	19
71.35	19
71.36	19
71.37	19
71.38	19
71.39	19
71.4	19
71.41	19
71.42	19
71.43	19
71.44	19
71.45	19
71.46	19
71.47	19
71.48	19
71.49	19
71.5	19
71.51	19
71.52	19
71.53	19
71.54	19
71.55	19
71.56	19
71.57	19
71.58	19
71.59	19
71.6	19
71.61	19
71.62	19
71.63	19
71.64	19
71.65	19
71.66	19
71.67	19
71.68	19
71.69	19
71.7	19
71.71	19
71.72	19
71.73	19
71.74	19
71.75	19
71.76	19
71.77	19
71.78	19
71.79	19
71.8	19
71.81	19
71.82	19
71.83	19
71.84	19
71.85	19
71.86	19
71.87	19
71.88	19
71.89	19
71.9	19
71.91	19
71.92	19
71.93	19
71.94	19
71.95	19
71.96	19
71.97	19
71.98	19
71.99	19
72	19
72.01	19
72.02	19
72.03	19
72.04	19
72.05	19
72.06	19
72.07	19
72.08	19
72.09	19
72.1	19
72.11	19
72.12	19
72.13	19
72.14	19
72.15	19
72.16	19
72.17	19
72.18	19
72.19	19
72.2	19
72.21	19
72.22	19
72.23	19
72.24	19
72.25	19
72.26	19
72.27	19
72.28	19
72.29	19
72.3	19
72.31	19
72.32	19
72.33	19
72.34	19
72.35	19
72.36	19
72.37	19
72.38	19
72.39	19
72.4	19
72.41	19
72.42	19
72.43	19
72.44	19
72.45	19
72.46	19
72.47	19
72.48	19
72.49	19
72.5	19
72.51	19
72.52	19
72.53	19
72.54	19
72.55	19
72.56	19
72.57	19
72.58	19
72.59	19
72.6	19
72.61	19
72.62	19
72.63	19
72.64	19
72.65	19
72.66	19
72.67	19
72.68	19
72.69	19
72.7	19
72.71	19
72.72	19
72.73	19
72.74	19
72.75	19
72.76	19
72.77	19
72.78	19
72.79	19
72.8	19
72.81	19
72.82	19
72.83	19
72.84	19
72.85	19
72.86	19
72.87	19
72.88	19
72.89	19
72.9	19
72.91	19
72.92	19
72.93	19
72.94	19
72.95	19
72.96	19
72.97	19
72.98	19
72.99	19
73	19
73.01	19
73.02	19
73.03	19
73.04	19
73.05	19
73.06	19
73.07	19
73.08	19
73.09	19
73.1	19
73.11	19
73.12	19
73.13	19
73.14	19
73.15	19
73.16	19
73.17	19
73.18	19
73.19	19
73.2	19
73.21	19
73.22	19
73.23	19
73.24	19
73.25	19
73.26	19
73.27	19
73.28	19
73.29	19
73.3	19
73.31	19
73.32	19
73.33	19
73.34	19
73.35	19
73.36	19
73.37	19
73.38	19
73.39	19
73.4	19
73.41	19
73.42	19
73.43	19
73.44	19
73.45	19
73.46	19
73.47	19
73.48	19
73.49	19
73.5	19
73.51	19
73.52	19
73.53	19
73.54	19
73.55	19
73.56	19
73.57	19
73.58	19
73.59	19
73.6	19
73.61	19
73.62	19
73.63	19
73.64	19
73.65	19
73.66	19
73.67	19
73.68	19
73.69	19
73.7	19
73.71	19
73.72	19
73.73	19
73.74	19
73.75	19
73.76	19
73.77	19
73.78	19
73.79	19
73.8	19
73.81	19
73.82	19
73.83	19
73.84	19
73.85	19
73.86	19
73.87	19
73.88	19
73.89	19
73.9	19
73.91	19
73.92	19
73.93	19
73.94	19
73.95	19
73.96	19
73.97	19
73.98	19
73.99	19
74	19
74.01	19
74.02	19
74.03	19
74.04	19
74.05	19
74.06	19
74.07	19
74.08	19
74.09	19
74.1	20
74.11	20
74.12	20
74.13	20
74.14	20
74.15	20
74.16	20
74.17	20
74.18	20
74.19	20
74.2	20
74.21	20
74.22	20
74.23	20
74.24	20
74.25	20
74.26	20
74.27	20
74.28	20
74.29	20
74.3	20
74.31	20
74.32	20
74.33	20
74.34	20
74.35	20
74.36	20
74.37	20
74.38	20
74.39	20
74.4	20
74.41	20
74.42	20
74.43	20
74.44	20
74.45	20
74.46	20
74.47	20
74.48	20
74.49	20
74.5	20
74.51	20
74.52	20
74.53	20
74.54	20
74.55	20
74.56	20
74.57	20
74.58	20
74.59	20
74.6	20
74.61	20
74.62	20
74.63	20
74.64	20
74.65	20
74.66	20
74.67	20
74.68	20
74.69	20
74.7	20
74.71	20
74.72	20
74.73	20
74.74	20
74.75	20
74.76	20
74.77	20
74.78	20
74.79	20
74.8	20
74.81	20
74.82	20
74.83	20
74.84	20
74.85	20
74.86	20
74.87	20
74.88	20
74.89	20
74.9	20
74.91	20
74.92	20
74.93	20
74.94	20
74.95	20
74.96	20
74.97	20
74.98	20
74.99	20
75	20
75.01	20
75.02	20
75.03	20
75.04	20
75.05	20
75.06	20
75.07	20
75.08	20
75.09	20
75.1	20
75.11	20
75.12	20
75.13	20
75.14	20
75.15	20
75.16	20
75.17	20
75.18	20
75.19	20
75.2	20
75.21	20
75.22	20
75.23	20
75.24	20
75.25	20
75.26	20
75.27	20
75.28	20
75.29	20
75.3	20
75.31	20
75.32	20
75.33	20
75.34	20
75.35	20
75.36	20
75.37	20
75.38	20
75.39	20
75.4	20
75.41	20
75.42	20
75.43	20
75.44	20
75.45	20
75.46	20
75.47	20
75.48	20
75.49	20
75.5	20
75.51	20
75.52	20
75.53	20
75.54	20
75.55	20
75.56	20
75.57	20
75.58	20
75.59	20
75.6	20
75.61	20
75.62	20
75.63	20
75.64	20
75.65	20
75.66	20
75.67	20
75.68	20
75.69	20
75.7	20
75.71	20
75.72	20
75.73	20
75.74	20
75.75	20
75.76	20
75.77	20
75.78	20
75.79	20
75.8	20
75.81	20
75.82	20
75.83	20
75.84	20
75.85	20
75.86	20
75.87	20
75.88	20
75.89	20
75.9	20
75.91	20
75.92	20
75.93	20
75.94	20
75.95	20
75.96	20
75.97	20
75.98	20
75.99	20
76	20
76.01	20
76.02	20
76.03	20
76.04	20
76.05	20
76.06	20
76.07	20
76.08	20
76.09	20
76.1	20
76.11	20
76.12	20
76.13	20
76.14	20
76.15	20
76.16	20
76.17	20
76.18	20
76.19	20
76.2	20
76.21	20
76.22	20
76.23	20
76.24	20
76.25	20
76.26	20
76.27	20
76.28	20
76.29	20
76.3	20
76.31	20
76.32	20
76.33	20
76.34	20
76.35	20
76.36	20
76.37	20
76.38	20
76.39	20
76.4	20
76.41	20
76.42	20
76.43	20
76.44	20
76.45	20
76.46	20
76.47	20
76.48	20
76.49	20
76.5	20
76.51	20
76.52	20
76.53	20
76.54	20
76.55	20
76.56	20
76.57	20
76.58	20
76.59	20
76.6	20
76.61	20
76.62	20
76.63	20
76.64	20
76.65	20
76.66	20
76.67	20
76.68	20
76.69	20
76.7	20
76.71	20
76.72	20
76.73	20
76.74	20
76.75	20
76.76	20
76.77	20
76.78	20
76.79	20
76.8	20
76.81	20
76.82	20
76.83	20
76.84	20
76.85	20
76.86	20
76.87	20
76.88	20
76.89	20
76.9	20
76.91	20
76.92	20
76.93	20
76.94	20
76.95	20
76.96	20
76.97	20
76.98	20
76.99	20
77	20
77.01	20
77.02	20
77.03	20
77.04	20
77.05	20
77.06	20
77.07	20
77.08	20
77.09	20
77.1	20
77.11	20
77.12	20
77.13	20
77.14	20
77.15	20
77.16	20
77.17	20
77.18	20
77.19	20
77.2	20
77.21	20
77.22	20
77.23	20
77.24	20
77.25	20
77.26	20
77.27	20
77.28	20
77.29	20
77.3	20
77.31	20
77.32	20
77.33	20
77.34	20
77.35	20
77.36	20
77.37	20
77.38	20
77.39	20
77.4	20
77.41	20
77.42	20
77.43	20
77.44	20
77.45	20
77.46	20
77.47	20
77.48	20
77.49	20
77.5	20
77.51	20
77.52	20
77.53	20
77.54	20
77.55	20
77.56	20
77.57	20
77.58	20
77.59	20
77.6	20
77.61	20
77.62	20
77.63	20
77.64	20
77.65	20
77.66	20
77.67	20
77.68	20
77.69	20
77.7	20
77.71	20
77.72	20
77.73	20
77.74	20
77.75	20
77.76	20
77.77	20
77.78	20
77.79	20
77.8	20
77.81	20
77.82	20
77.83	20
77.84	20
77.85	20
77.86	20
77.87	20
77.88	20
77.89	21
77.9	21
77.91	21
77.92	21
77.93	21
77.94	21
77.95	21
77.96	21
77.97	21
77.98	21
77.99	21
78	21
78.01	21
78.02	21
78.03	21
78.04	21
78.05	21
78.06	21
78.07	21
78.08	21
78.09	21
78.1	21
78.11	21
78.12	21
78.13	21
78.14	21
78.15	21
78.16	21
78.17	21
78.18	21
78.19	21
78.2	21
78.21	21
78.22	21
78.23	21
78.24	21
78.25	21
78.26	21
78.27	21
78.28	21
78.29	21
78.3	21
78.31	21
78.32	21
78.33	21
78.34	21
78.35	21
78.36	21
78.37	21
78.38	21
78.39	21
78.4	21
78.41	21
78.42	21
78.43	21
78.44	21
78.45	21
78.46	21
78.47	21
78.48	21
78.49	21
78.5	21
78.51	21
78.52	21
78.53	21
78.54	21
78.55	21
78.56	21
78.57	21
78.58	21
78.59	21
78.6	21
78.61	21
78.62	21
78.63	21
78.64	21
78.65	21
78.66	21
78.67	21
78.68	21
78.69	21
78.7	21
78.71	21
78.72	21
78.73	21
78.74	21
78.75	21
78.76	21
78.77	21
78.78	21
78.79	21
78.8	21
78.81	21
78.82	21
78.83	21
78.84	21
78.85	21
78.86	21
78.87	21
78.88	21
78.89	21
78.9	21
78.91	21
78.92	21
78.93	21
78.94	21
78.95	21
78.96	21
78.97	21
78.98	21
78.99	21
79	21
79.01	21
79.02	21
79.03	21
79.04	21
79.05	21
79.06	21
79.07	21
79.08	21
79.09	21
79.1	21
79.11	21
79.12	21
79.13	21
79.14	21
79.15	21
79.16	21
79.17	21
79.18	21
79.19	21
79.2	21
79.21	21
79.22	21
79.23	21
79.24	21
79.25	21
79.26	21
79.27	21
79.28	21
79.29	21
79.3	21
79.31	21
79.32	21
79.33	21
79.34	21
79.35	21
79.36	21
79.37	21
79.38	21
79.39	21
79.4	21
79.41	21
79.42	21
79.43	21
79.44	21
79.45	21
79.46	21
79.47	21
79.48	21
79.49	21
79.5	21
79.51	21
79.52	21
79.53	21
79.54	21
79.55	21
79.56	21
79.57	21
79.58	21
79.59	21
79.6	21
79.61	21
79.62	21
79.63	21
79.64	21
79.65	21
79.66	21
79.67	21
79.68	21
79.69	21
79.7	21
79.71	21
79.72	21
79.73	21
79.74	21
79.75	21
79.76	21
79.77	21
79.78	21
79.79	21
79.8	21
79.81	21
79.82	21
79.83	21
79.84	21
79.85	21
79.86	21
79.87	21
79.88	21
79.89	21
79.9	21
79.91	21
79.92	21
79.93	21
79.94	21
79.95	21
79.96	21
79.97	21
79.98	21
79.99	21
80	21
80.01	21
80.02	21
80.03	21
80.04	21
80.05	21
80.06	21
80.07	21
80.08	21
80.09	21
80.1	21
80.11	21
80.12	21
80.13	21
80.14	21
80.15	21
80.16	21
80.17	21
80.18	21
80.19	21
80.2	21
80.21	21
80.22	21
80.23	21
80.24	21
80.25	21
80.26	21
80.27	21
80.28	21
80.29	21
80.3	21
80.31	21
80.32	21
80.33	21
80.34	21
80.35	21
80.36	21
80.37	21
80.38	21
80.39	21
80.4	21
80.41	21
80.42	21
80.43	21
80.44	21
80.45	21
80.46	21
80.47	21
80.48	21
80.49	21
80.5	21
80.51	21
80.52	21
80.53	21
80.54	21
80.55	21
80.56	21
80.57	21
80.58	21
80.59	21
80.6	21
80.61	21
80.62	21
80.63	21
80.64	21
80.65	21
80.66	21
80.67	21
80.68	21
80.69	21
80.7	21
80.71	21
80.72	21
80.73	21
80.74	21
80.75	21
80.76	21
80.77	21
80.78	21
80.79	21
80.8	21
80.81	21
80.82	21
80.83	21
80.84	21
80.85	21
80.86	21
80.87	21
80.88	21
80.89	21
80.9	21
80.91	21
80.92	21
80.93	21
80.94	21
80.95	21
80.96	21
80.97	21
80.98	21
80.99	21
81	21
81.01	21
81.02	21
81.03	21
81.04	21
81.05	21
81.06	21
81.07	21
81.08	21
81.09	21
81.1	21
81.11	21
81.12	21
81.13	21
81.14	21
81.15	21
81.16	21
81.17	21
81.18	21
81.19	21
81.2	21
81.21	21
81.22	21
81.23	21
81.24	21
81.25	21
81.26	21
81.27	21
81.28	21
81.29	21
81.3	21
81.31	21
81.32	21
81.33	21
81.34	21
81.35	21
81.36	21
81.37	21
81.38	21
81.39	21
81.4	21
81.41	21
81.42	21
81.43	21
81.44	21
81.45	21
81.46	21
81.47	21
81.48	21
81.49	21
81.5	21
81.51	21
81.52	21
81.53	21
81.54	21
81.55	21
81.56	21
81.57	21
81.58	21
81.59	21
81.6	21
81.61	21
81.62	21
81.63	21
81.64	21
81.65	21
81.66	21
81.67	21
81.68	22
81.69	22
81.7	22
81.71	22
81.72	22
81.73	22
81.74	22
81.75	22
81.76	22
81.77	22
81.78	22
81.79	22
81.8	22
81.81	22
81.82	22
81.83	22
81.84	22
81.85	22
81.86	22
81.87	22
81.88	22
81.89	22
81.9	22
81.91	22
81.92	22
81.93	22
81.94	22
81.95	22
81.96	22
81.97	22
81.98	22
81.99	22
82	22
82.01	22
82.02	22
82.03	22
82.04	22
82.05	22
82.06	22
82.07	22
82.08	22
82.09	22
82.1	22
82.11	22
82.12	22
82.13	22
82.14	22
82.15	22
82.16	22
82.17	22
82.18	22
82.19	22
82.2	22
82.21	22
82.22	22
82.23	22
82.24	22
82.25	22
82.26	22
82.27	22
82.28	22
82.29	22
82.3	22
82.31	22
82.32	22
82.33	22
82.34	22
82.35	22
82.36	22
82.37	22
82.38	22
82.39	22
82.4	22
82.41	22
82.42	22
82.43	22
82.44	22
82.45	22
82.46	22
82.47	22
82.48	22
82.49	22
82.5	22
82.51	22
82.52	22
82.53	22
82.54	22
82.55	22
82.56	22
82.57	22
82.58	22
82.59	22
82.6	22
82.61	22
82.62	22
82.63	22
82.64	22
82.65	22
82.66	22
82.67	22
82.68	22
82.69	22
82.7	22
82.71	22
82.72	22
82.73	22
82.74	22
82.75	22
82.76	22
82.77	22
82.78	22
82.79	22
82.8	22
82.81	22
82.82	22
82.83	22
82.84	22
82.85	22
82.86	22
82.87	22
82.88	22
82.89	22
82.9	22
82.91	22
82.92	22
82.93	22
82.94	22
82.95	22
82.96	22
82.97	22
82.98	22
82.99	22
83	22
83.01	22
83.02	22
83.03	22
83.04	22
83.05	22
83.06	22
83.07	22
83.08	22
83.09	22
83.1	22
83.11	22
83.12	22
83.13	22
83.14	22
83.15	22
83.16	22
83.17	22
83.18	22
83.19	22
83.2	22
83.21	22
83.22	22
83.23	22
83.24	22
83.25	22
83.26	22
83.27	22
83.28	22
83.29	22
83.3	22
83.31	22
83.32	22
83.33	22
83.34	22
83.35	22
83.36	22
83.37	22
83.38	22
83.39	22
83.4	22
83.41	22
83.42	22
83.43	22
83.44	22
83.45	22
83.46	22
83.47	22
83.48	22
83.49	22
83.5	22
83.51	22
83.52	22
83.53	22
83.54	22
83.55	22
83.56	22
83.57	22
83.58	22
83.59	22
83.6	22
83.61	22
83.62	22
83.63	22
83.64	22
83.65	22
83.66	22
83.67	22
83.68	22
83.69	22
83.7	22
83.71	22
83.72	22
83.73	22
83.74	22
83.75	22
83.76	22
83.77	22
83.78	22
83.79	22
83.8	22
83.81	22
83.82	22
83.83	22
83.84	22
83.85	22
83.86	22
83.87	22
83.88	22
83.89	22
83.9	22
83.91	22
83.92	22
83.93	22
83.94	22
83.95	22
83.96	22
83.97	22
83.98	22
83.99	22
84	22
84.01	22
84.02	22
84.03	22
84.04	22
84.05	22
84.06	22
84.07	22
84.08	22
84.09	22
84.1	22
84.11	22
84.12	22
84.13	22
84.14	22
84.15	22
84.16	22
84.17	22
84.18	22
84.19	22
84.2	22
84.21	22
84.22	22
84.23	22
84.24	22
84.25	22
84.26	22
84.27	22
84.28	22
84.29	22
84.3	22
84.31	22
84.32	22
84.33	22
84.34	22
84.35	22
84.36	22
84.37	22
84.38	22
84.39	22
84.4	22
84.41	22
84.42	22
84.43	22
84.44	22
84.45	22
84.46	22
84.47	22
84.48	22
84.49	22
84.5	22
84.51	22
84.52	22
84.53	22
84.54	22
84.55	22
84.56	22
84.57	22
84.58	22
84.59	22
84.6	22
84.61	22
84.62	22
84.63	22
84.64	22
84.65	22
84.66	22
84.67	22
84.68	22
84.69	22
84.7	22
84.71	22
84.72	22
84.73	22
84.74	22
84.75	22
84.76	22
84.77	22
84.78	22
84.79	22
84.8	22
84.81	22
84.82	22
84.83	22
84.84	22
84.85	22
84.86	22
84.87	22
84.88	22
84.89	22
84.9	22
84.91	22
84.92	22
84.93	22
84.94	22
84.95	22
84.96	22
84.97	22
84.98	22
84.99	22
85	22
85.01	22
85.02	22
85.03	22
85.04	22
85.05	22
85.06	22
85.07	22
85.08	22
85.09	22
85.1	22
85.11	22
85.12	22
85.13	22
85.14	22
85.15	22
85.16	22
85.17	22
85.18	22
85.19	22
85.2	22
85.21	22
85.22	22
85.23	22
85.24	22
85.25	22
85.26	22
85.27	22
85.28	22
85.29	22
85.3	22
85.31	22
85.32	22
85.33	22
85.34	22
85.35	22
85.36	22
85.37	22
85.38	22
85.39	22
85.4	22
85.41	22
85.42	22
85.43	22
85.44	22
85.45	22
85.46	23
85.47	23
85.48	23
85.49	23
85.5	23
85.51	23
85.52	23
85.53	23
85.54	23
85.55	23
85.56	23
85.57	23
85.58	23
85.59	23
85.6	23
85.61	23
85.62	23
85.63	23
85.64	23
85.65	23
85.66	23
85.67	23
85.68	23
85.69	23
85.7	23
85.71	23
85.72	23
85.73	23
85.74	23
85.75	23
85.76	23
85.77	23
85.78	23
85.79	23
85.8	23
85.81	23
85.82	23
85.83	23
85.84	23
85.85	23
85.86	23
85.87	23
85.88	23
85.89	23
85.9	23
85.91	23
85.92	23
85.93	23
85.94	23
85.95	23
85.96	23
85.97	23
85.98	23
85.99	23
86	23
86.01	23
86.02	23
86.03	23
86.04	23
86.05	23
86.06	23
86.07	23
86.08	23
86.09	23
86.1	23
86.11	23
86.12	23
86.13	23
86.14	23
86.15	23
86.16	23
86.17	23
86.18	23
86.19	23
86.2	23
86.21	23
86.22	23
86.23	23
86.24	23
86.25	23
86.26	23
86.27	23
86.28	23
86.29	23
86.3	23
86.31	23
86.32	23
86.33	23
86.34	23
86.35	23
86.36	23
86.37	23
86.38	23
86.39	23
86.4	23
86.41	23
86.42	23
86.43	23
86.44	23
86.45	23
86.46	23
86.47	23
86.48	23
86.49	23
86.5	23
86.51	23
86.52	23
86.53	23
86.54	23
86.55	23
86.56	23
86.57	23
86.58	23
86.59	23
86.6	23
86.61	23
86.62	23
86.63	23
86.64	23
86.65	23
86.66	23
86.67	23
86.68	23
86.69	23
86.7	23
86.71	23
86.72	23
86.73	23
86.74	23
86.75	23
86.76	23
86.77	23
86.78	23
86.79	23
86.8	23
86.81	23
86.82	23
86.83	23
86.84	23
86.85	23
86.86	23
86.87	23
86.88	23
86.89	23
86.9	23
86.91	23
86.92	23
86.93	23
86.94	23
86.95	23
86.96	23
86.97	23
86.98	23
86.99	23
87	23
87.01	23
87.02	23
87.03	23
87.04	23
87.05	23
87.06	23
87.07	23
87.08	23
87.09	23
87.1	23
87.11	23
87.12	23
87.13	23
87.14	23
87.15	23
87.16	23
87.17	23
87.18	23
87.19	23
87.2	23
87.21	23
87.22	23
87.23	23
87.24	23
87.25	23
87.26	23
87.27	23
87.28	23
87.29	23
87.3	23
87.31	23
87.32	23
87.33	23
87.34	23
87.35	23
87.36	23
87.37	23
87.38	23
87.39	23
87.4	23
87.41	23
87.42	23
87.43	23
87.44	23
87.45	23
87.46	23
87.47	23
87.48	23
87.49	23
87.5	23
87.51	23
87.52	23
87.53	23
87.54	23
87.55	23
87.56	23
87.57	23
87.58	23
87.59	23
87.6	23
87.61	23
87.62	23
87.63	23
87.64	23
87.65	23
87.66	23
87.67	23
87.68	23
87.69	23
87.7	23
87.71	23
87.72	23
87.73	23
87.74	23
87.75	23
87.76	23
87.77	23
87.78	23
87.79	23
87.8	23
87.81	23
87.82	23
87.83	23
87.84	23
87.85	23
87.86	23
87.87	23
87.88	23
87.89	23
87.9	23
87.91	23
87.92	23
87.93	23
87.94	23
87.95	23
87.96	23
87.97	23
87.98	23
87.99	23
88	23
88.01	23
88.02	23
88.03	23
88.04	23
88.05	23
88.06	23
88.07	23
88.08	23
88.09	23
88.1	23
88.11	23
88.12	23
88.13	23
88.14	23
88.15	23
88.16	23
88.17	23
88.18	23
88.19	23
88.2	23
88.21	23
88.22	23
88.23	23
88.24	23
88.25	23
88.26	23
88.27	23
88.28	23
88.29	23
88.3	23
88.31	23
88.32	23
88.33	23
88.34	23
88.35	23
88.36	23
88.37	23
88.38	23
88.39	23
88.4	23
88.41	23
88.42	23
88.43	23
88.44	23
88.45	23
88.46	23
88.47	23
88.48	23
88.49	23
88.5	23
88.51	23
88.52	23
88.53	23
88.54	23
88.55	23
88.56	23
88.57	23
88.58	23
88.59	23
88.6	23
88.61	23
88.62	23
88.63	23
88.64	23
88.65	23
88.66	23
88.67	23
88.68	23
88.69	23
88.7	23
88.71	23
88.72	23
88.73	23
88.74	23
88.75	23
88.76	23
88.77	23
88.78	23
88.79	23
88.8	23
88.81	23
88.82	23
88.83	23
88.84	23
88.85	23
88.86	23
88.87	23
88.88	23
88.89	23
88.9	23
88.91	23
88.92	23
88.93	23
88.94	23
88.95	23
88.96	23
88.97	23
88.98	23
88.99	23
89	23
89.01	23
89.02	23
89.03	23
89.04	23
89.05	23
89.06	23
89.07	23
89.08	23
89.09	23
89.1	23
89.11	23
89.12	23
89.13	23
89.14	23
89.15	23
89.16	23
89.17	23
89.18	23
89.19	23
89.2	23
89.21	23
89.22	23
89.23	23
89.24	23
89.25	24
89.26	24
89.27	24
89.28	24
89.29	24
89.3	24
89.31	24
89.32	24
89.33	24
89.34	24
89.35	24
89.36	24
89.37	24
89.38	24
89.39	24
89.4	24
89.41	24
89.42	24
89.43	24
89.44	24
89.45	24
89.46	24
89.47	24
89.48	24
89.49	24
89.5	24
89.51	24
89.52	24
89.53	24
89.54	24
89.55	24
89.56	24
89.57	24
89.58	24
89.59	24
89.6	24
89.61	24
89.62	24
89.63	24
89.64	24
89.65	24
89.66	24
89.67	24
89.68	24
89.69	24
89.7	24
89.71	24
89.72	24
89.73	24
89.74	24
89.75	24
89.76	24
89.77	24
89.78	24
89.79	24
89.8	24
89.81	24
89.82	24
89.83	24
89.84	24
89.85	24
89.86	24
89.87	24
89.88	24
89.89	24
89.9	24
89.91	24
89.92	24
89.93	24
89.94	24
89.95	24
89.96	24
89.97	24
89.98	24
89.99	24
90	24
90.01	24
90.02	24
90.03	24
90.04	24
90.05	24
90.06	24
90.07	24
90.08	24
90.09	24
90.1	24
90.11	24
90.12	24
90.13	24
90.14	24
90.15	24
90.16	24
90.17	24
90.18	24
90.19	24
90.2	24
90.21	24
90.22	24
90.23	24
90.24	24
90.25	24
90.26	24
90.27	24
90.28	24
90.29	24
90.3	24
90.31	24
90.32	24
90.33	24
90.34	24
90.35	24
90.36	24
90.37	24
90.38	24
90.39	24
90.4	24
90.41	24
90.42	24
90.43	24
90.44	24
90.45	24
90.46	24
90.47	24
90.48	24
90.49	24
90.5	24
90.51	24
90.52	24
90.53	24
90.54	24
90.55	24
90.56	24
90.57	24
90.58	24
90.59	24
90.6	24
90.61	24
90.62	24
90.63	24
90.64	24
90.65	24
90.66	24
90.67	24
90.68	24
90.69	24
90.7	24
90.71	24
90.72	24
90.73	24
90.74	24
90.75	24
90.76	24
90.77	24
90.78	24
90.79	24
90.8	24
90.81	24
90.82	24
90.83	24
90.84	24
90.85	24
90.86	24
90.87	24
90.88	24
90.89	24
90.9	24
90.91	24
90.92	24
90.93	24
90.94	24
90.95	24
90.96	24
90.97	24
90.98	24
90.99	24
91	24
91.01	24
91.02	24
91.03	24
91.04	24
91.05	24
91.06	24
91.07	24
91.08	24
91.09	24
91.1	24
91.11	24
91.12	24
91.13	24
91.14	24
91.15	24
91.16	24
91.17	24
91.18	24
91.19	24
91.2	24
91.21	24
91.22	24
91.23	24
91.24	24
91.25	24
91.26	24
91.27	24
91.28	24
91.29	24
91.3	24
91.31	24
91.32	24
91.33	24
91.34	24
91.35	24
91.36	24
91.37	24
91.38	24
91.39	24
91.4	24
91.41	24
91.42	24
91.43	24
91.44	24
91.45	24
91.46	24
91.47	24
91.48	24
91.49	24
91.5	24
91.51	24
91.52	24
91.53	24
91.54	24
91.55	24
91.56	24
91.57	24
91.58	24
91.59	24
91.6	24
91.61	24
91.62	24
91.63	24
91.64	24
91.65	24
91.66	24
91.67	24
91.68	24
91.69	24
91.7	24
91.71	24
91.72	24
91.73	24
91.74	24
91.75	24
91.76	24
91.77	24
91.78	24
91.79	24
91.8	24
91.81	24
91.82	24
91.83	24
91.84	24
91.85	24
91.86	24
91.87	24
91.88	24
91.89	24
91.9	24
91.91	24
91.92	24
91.93	24
91.94	24
91.95	24
91.96	24
91.97	24
91.98	24
91.99	24
92	24
92.01	24
92.02	24
92.03	24
92.04	24
92.05	24
92.06	24
92.07	24
92.08	24
92.09	24
92.1	24
92.11	24
92.12	24
92.13	24
92.14	24
92.15	24
92.16	24
92.17	24
92.18	24
92.19	24
92.2	24
92.21	24
92.22	24
92.23	24
92.24	24
92.25	24
92.26	24
92.27	24
92.28	24
92.29	24
92.3	24
92.31	24
92.32	24
92.33	24
92.34	24
92.35	24
92.36	24
92.37	24
92.38	24
92.39	24
92.4	24
92.41	24
92.42	24
92.43	24
92.44	24
92.45	24
92.46	24
92.47	24
92.48	24
92.49	24
92.5	24
92.51	24
92.52	24
92.53	24
92.54	24
92.55	24
92.56	24
92.57	24
92.58	24
92.59	24
92.6	24
92.61	24
92.62	24
92.63	24
92.64	24
92.65	24
92.66	24
92.67	24
92.68	24
92.69	24
92.7	24
92.71	24
92.72	24
92.73	24
92.74	24
92.75	24
92.76	24
92.77	24
92.78	24
92.79	24
92.8	24
92.81	24
92.82	24
92.83	24
92.84	24
92.85	24
92.86	24
92.87	24
92.88	24
92.89	24
92.9	24
92.91	24
92.92	24
92.93	24
92.94	24
92.95	24
92.96	24
92.97	24
92.98	24
92.99	24
93	24
93.01	24
93.02	24
93.03	24
93.04	24
93.05	25
93.06	25
93.07	25
93.08	25
93.09	25
93.1	25
93.11	25
93.12	25
93.13	25
93.14	25
93.15	25
93.16	25
93.17	25
93.18	25
93.19	25
93.2	25
93.21	25
93.22	25
93.23	25
93.24	25
93.25	25
93.26	25
93.27	25
93.28	25
93.29	25
93.3	25
93.31	25
93.32	25
93.33	25
93.34	25
93.35	25
93.36	25
93.37	25
93.38	25
93.39	25
93.4	25
93.41	25
93.42	25
93.43	25
93.44	25
93.45	25
93.46	25
93.47	25
93.48	25
93.49	25
93.5	25
93.51	25
93.52	25
93.53	25
93.54	25
93.55	25
93.56	25
93.57	25
93.58	25
93.59	25
93.6	25
93.61	25
93.62	25
93.63	25
93.64	25
93.65	25
93.66	25
93.67	25
93.68	25
93.69	25
93.7	25
93.71	25
93.72	25
93.73	25
93.74	25
93.75	25
93.76	25
93.77	25
93.78	25
93.79	25
93.8	25
93.81	25
93.82	25
93.83	25
93.84	25
93.85	25
93.86	25
93.87	25
93.88	25
93.89	25
93.9	25
93.91	25
93.92	25
93.93	25
93.94	25
93.95	25
93.96	25
93.97	25
93.98	25
93.99	25
94	25
94.01	25
94.02	25
94.03	25
94.04	25
94.05	25
94.06	25
94.07	25
94.08	25
94.09	25
94.1	25
94.11	25
94.12	25
94.13	25
94.14	25
94.15	25
94.16	25
94.17	25
94.18	25
94.19	25
94.2	25
94.21	25
94.22	25
94.23	25
94.24	25
94.25	25
94.26	25
94.27	25
94.28	25
94.29	25
94.3	25
94.31	25
94.32	25
94.33	25
94.34	25
94.35	25
94.36	25
94.37	25
94.38	25
94.39	25
94.4	25
94.41	25
94.42	25
94.43	25
94.44	25
94.45	25
94.46	25
94.47	25
94.48	25
94.49	25
94.5	25
94.51	25
94.52	25
94.53	25
94.54	25
94.55	25
94.56	25
94.57	25
94.58	25
94.59	25
94.6	25
94.61	25
94.62	25
94.63	25
94.64	25
94.65	25
94.66	25
94.67	25
94.68	25
94.69	25
94.7	25
94.71	25
94.72	25
94.73	25
94.74	25
94.75	25
94.76	25
94.77	25
94.78	25
94.79	25
94.8	25
94.81	25
94.82	25
94.83	25
94.84	25
94.85	25
94.86	25
94.87	25
94.88	25
94.89	25
94.9	25
94.91	25
94.92	25
94.93	25
94.94	25
94.95	25
94.96	25
94.97	25
94.98	25
94.99	25
95	25
95.01	25
95.02	25
95.03	25
95.04	25
95.05	25
95.06	25
95.07	25
95.08	25
95.09	25
95.1	25
95.11	25
95.12	25
95.13	25
95.14	25
95.15	25
95.16	25
95.17	25
95.18	25
95.19	25
95.2	25
95.21	25
95.22	25
95.23	25
95.24	25
95.25	25
95.26	25
95.27	25
95.28	25
95.29	25
95.3	25
95.31	25
95.32	25
95.33	25
95.34	25
95.35	25
95.36	25
95.37	25
95.38	25
95.39	25
95.4	25
95.41	25
95.42	25
95.43	25
95.44	25
95.45	25
95.46	25
95.47	25
95.48	25
95.49	25
95.5	25
95.51	25
95.52	25
95.53	25
95.54	25
95.55	25
95.56	25
95.57	25
95.58	25
95.59	25
95.6	25
95.61	25
95.62	25
95.63	25
95.64	25
95.65	25
95.66	25
95.67	25
95.68	25
95.69	25
95.7	25
95.71	25
95.72	25
95.73	25
95.74	25
95.75	25
95.76	25
95.77	25
95.78	25
95.79	25
95.8	25
95.81	25
95.82	25
95.83	25
95.84	25
95.85	25
95.86	25
95.87	25
95.88	25
95.89	25
95.9	25
95.91	25
95.92	25
95.93	25
95.94	25
95.95	25
95.96	25
95.97	25
95.98	25
95.99	25
96	25
96.01	25
96.02	25
96.03	25
96.04	25
96.05	25
96.06	25
96.07	25
96.08	25
96.09	25
96.1	25
96.11	25
96.12	25
96.13	25
96.14	25
96.15	25
96.16	25
96.17	25
96.18	25
96.19	25
96.2	25
96.21	25
96.22	25
96.23	25
96.24	25
96.25	25
96.26	25
96.27	25
96.28	25
96.29	25
96.3	25
96.31	25
96.32	25
96.33	25
96.34	25
96.35	25
96.36	25
96.37	25
96.38	25
96.39	25
96.4	25
96.41	25
96.42	25
96.43	25
96.44	25
96.45	25
96.46	25
96.47	25
96.48	25
96.49	25
96.5	25
96.51	25
96.52	25
96.53	25
96.54	25
96.55	25
96.56	25
96.57	25
96.58	25
96.59	25
96.6	25
96.61	25
96.62	25
96.63	25
96.64	25
96.65	25
96.66	25
96.67	25
96.68	25
96.69	25
96.7	25
96.71	25
96.72	25
96.73	25
96.74	25
96.75	25
96.76	25
96.77	25
96.78	25
96.79	25
96.8	25
96.81	25
96.82	25
96.83	26
96.84	26
96.85	26
96.86	26
96.87	26
96.88	26
96.89	26
96.9	26
96.91	26
96.92	26
96.93	26
96.94	26
96.95	26
96.96	26
96.97	26
96.98	26
96.99	26
97	26
97.01	26
97.02	26
97.03	26
97.04	26
97.05	26
97.06	26
97.07	26
97.08	26
97.09	26
97.1	26
97.11	26
97.12	26
97.13	26
97.14	26
97.15	26
97.16	26
97.17	26
97.18	26
97.19	26
97.2	26
97.21	26
97.22	26
97.23	26
97.24	26
97.25	26
97.26	26
97.27	26
97.28	26
97.29	26
97.3	26
97.31	26
97.32	26
97.33	26
97.34	26
97.35	26
97.36	26
97.37	26
97.38	26
97.39	26
97.4	26
97.41	26
97.42	26
97.43	26
97.44	26
97.45	26
97.46	26
97.47	26
97.48	26
97.49	26
97.5	26
97.51	26
97.52	26
97.53	26
97.54	26
97.55	26
97.56	26
97.57	26
97.58	26
97.59	26
97.6	26
97.61	26
97.62	26
97.63	26
97.64	26
97.65	26
97.66	26
97.67	26
97.68	26
97.69	26
97.7	26
97.71	26
97.72	26
97.73	26
97.74	26
97.75	26
97.76	26
97.77	26
97.78	26
97.79	26
97.8	26
97.81	26
97.82	26
97.83	26
97.84	26
97.85	26
97.86	26
97.87	26
97.88	26
97.89	26
97.9	26
97.91	26
97.92	26
97.93	26
97.94	26
97.95	26
97.96	26
97.97	26
97.98	26
97.99	26
98	26
98.01	26
98.02	26
98.03	26
98.04	26
98.05	26
98.06	26
98.07	26
98.08	26
98.09	26
98.1	26
98.11	26
98.12	26
98.13	26
98.14	26
98.15	26
98.16	26
98.17	26
98.18	26
98.19	26
98.2	26
98.21	26
98.22	26
98.23	26
98.24	26
98.25	26
98.26	26
98.27	26
98.28	26
98.29	26
98.3	26
98.31	26
98.32	26
98.33	26
98.34	26
98.35	26
98.36	26
98.37	26
98.38	26
98.39	26
98.4	26
98.41	26
98.42	26
98.43	26
98.44	26
98.45	26
98.46	26
98.47	26
98.48	26
98.49	26
98.5	26
98.51	26
98.52	26
98.53	26
98.54	26
98.55	26
98.56	26
98.57	26
98.58	26
98.59	26
98.6	26
98.61	26
98.62	26
98.63	26
98.64	26
98.65	26
98.66	26
98.67	26
98.68	26
98.69	26
98.7	26
98.71	26
98.72	26
98.73	26
98.74	26
98.75	26
98.76	26
98.77	26
98.78	26
98.79	26
98.8	26
98.81	26
98.82	26
98.83	26
98.84	26
98.85	26
98.86	26
98.87	26
98.88	26
98.89	26
98.9	26
98.91	26
98.92	26
98.93	26
98.94	26
98.95	26
98.96	26
98.97	26
98.98	26
98.99	26
99	26
99.01	26
99.02	26
99.03	26
99.04	26
99.05	26
99.06	26
99.07	26
99.08	26
99.09	26
99.1	26
99.11	26
99.12	26
99.13	26
99.14	26
99.15	26
99.16	26
99.17	26
99.18	26
99.19	26
99.2	26
99.21	26
99.22	26
99.23	26
99.24	26
99.25	26
99.26	26
99.27	26
99.28	26
99.29	26
99.3	26
99.31	26
99.32	26
99.33	26
99.34	26
99.35	26
99.36	26
99.37	26
99.38	26
99.39	26
99.4	26
99.41	26
99.42	26
99.43	26
99.44	26
99.45	26
99.46	26
99.47	26
99.48	26
99.49	26
99.5	26
99.51	26
99.52	26
99.53	26
99.54	26
99.55	26
99.56	26
99.57	26
99.58	26
99.59	26
99.6	26
99.61	26
99.62	26
99.63	26
99.64	26
99.65	26
99.66	26
99.67	26
99.68	26
99.69	26
99.7	26
99.71	26
99.72	26
99.73	26
99.74	26
99.75	26
99.76	26
99.77	26
99.78	26
99.79	26
99.8	26
99.81	26
99.82	26
99.83	26
99.84	26
99.85	26
99.86	26
99.87	26
99.88	26
99.89	26
99.9	26
99.91	26
99.92	26
99.93	26
99.94	26
99.95	26
99.96	26
99.97	26
99.98	26
99.99	26
100	26
