0.01	19
0.02	21
0.03	19
0.04	20
0.05	17
0.06	17
0.07	18
0.08	16
0.09	18
0.1	19
0.11	19
0.12	19
0.13	19
0.14	19
0.15	19
0.16	16
0.17	19
0.18	16
0.19	15
0.2	16
0.21	17
0.22	18
0.23	15
0.24	15
0.25	16
0.26	17
0.27	18
0.28	16
0.29	20
0.3	18
0.31	16
0.32	18
0.33	17
0.34	18
0.35	19
0.36	18
0.37	20
0.38	18
0.39	18
0.4	18
0.41	19
0.42	19
0.43	16
0.44	18
0.45	18
0.46	19
0.47	19
0.48	18
0.49	18
0.5	17
0.51	17
0.52	18
0.53	17
0.54	17
0.55	15
0.56	20
0.57	20
0.58	16
0.59	20
0.6	18
0.61	19
0.62	18
0.63	17
0.64	19
0.65	18
0.66	18
0.67	17
0.68	20
0.69	16
0.7	18
0.71	15
0.72	17
0.73	18
0.74	19
0.75	18
0.76	18
0.77	17
0.78	17
0.79	18
0.8	17
0.81	18
0.82	18
0.83	18
0.84	18
0.85	17
0.86	17
0.87	16
0.88	19
0.89	18
0.9	15
0.91	17
0.92	19
0.93	18
0.94	17
0.95	19
0.96	18
0.97	17
0.98	18
0.99	20
1	17
1.01	17
1.02	17
1.03	18
1.04	18
1.05	16
1.06	19
1.07	20
1.08	20
1.09	20
1.1	17
1.11	18
1.12	20
1.13	20
1.14	20
1.15	20
1.16	20
1.17	20
1.18	19
1.19	18
1.2	19
1.21	18
1.22	15
1.23	16
1.24	17
1.25	16
1.26	19
1.27	18
1.28	18
1.29	18
1.3	20
1.31	16
1.32	18
1.33	17
1.34	19
1.35	18
1.36	19
1.37	19
1.38	19
1.39	17
1.4	18
1.41	17
1.42	18
1.43	18
1.44	17
1.45	19
1.46	18
1.47	18
1.48	18
1.49	18
1.5	18
1.51	17
1.52	16
1.53	18
1.54	18
1.55	18
1.56	19
1.57	16
1.58	15
1.59	17
1.6	16
1.61	17
1.62	19
1.63	15
1.64	18
1.65	15
1.66	16
1.67	18
1.68	17
1.69	16
1.7	18
1.71	17
1.72	18
1.73	19
1.74	18
1.75	18
1.76	19
1.77	19
1.78	17
1.79	19
1.8	17
1.81	16
1.82	19
1.83	17
1.84	19
1.85	18
1.86	18
1.87	19
1.88	17
1.89	15
1.9	17
1.91	17
1.92	16
1.93	18
1.94	17
1.95	16
1.96	17
1.97	16
1.98	15
1.99	17
2	14
2.01	16
2.02	18
2.03	16
2.04	19
2.05	18
2.06	19
2.07	19
2.08	14
2.09	19
2.1	16
2.11	19
2.12	18
2.13	19
2.14	20
2.15	17
2.16	21
2.17	17
2.18	18
2.19	20
2.2	20
2.21	18
2.22	17
2.23	18
2.24	19
2.25	18
2.26	19
2.27	18
2.28	19
2.29	19
2.3	19
2.31	18
2.32	19
2.33	21
2.34	20
2.35	19
2.36	19
2.37	14
2.38	16
2.39	18
2.4	16
2.41	18
2.42	16
2.43	16
2.44	17
2.45	17
2.46	18
2.47	16
2.48	16
2.49	16
2.5	18
2.51	17
2.52	17
2.53	17
2.54	16
2.55	16
2.56	17
2.57	19
2.58	18
2.59	19
2.6	17
2.61	18
2.62	19
2.63	17
2.64	20
2.65	16
2.66	18
2.67	18
2.68	19
2.69	16
2.7	19
2.71	19
2.72	17
2.73	17
2.74	18
2.75	18
2.76	17
2.77	17
2.78	17
2.79	17
2.8	17
2.81	17
2.82	16
2.83	17
2.84	17
2.85	17
2.86	17
2.87	17
2.88	17
2.89	17
2.9	17
2.91	17
2.92	16
2.93	14
2.94	17
2.95	16
2.96	18
2.97	19
2.98	17
2.99	15
3	16
3.01	19
3.02	18
3.03	17
3.04	16
3.05	17
3.06	17
3.07	16
3.08	18
3.09	14
3.1	18
3.11	17
3.12	14
3.13	16
3.14	15
3.15	15
3.16	16
3.17	15
3.18	14
3.19	15
3.2	19
3.21	17
3.22	17
3.23	17
3.24	16
3.25	17
3.26	17
3.27	16
3.28	15
3.29	16
3.3	19
3.31	19
3.32	19
3.33	18
3.34	17
3.35	18
3.36	19
3.37	19
3.38	19
3.39	18
3.4	17
3.41	16
3.42	17
3.43	17
3.44	17
3.45	18
3.46	17
3.47	17
3.48	17
3.49	17
3.5	17
3.51	16
3.52	18
3.53	17
3.54	18
3.55	17
3.56	18
3.57	17
3.58	17
3.59	17
3.6	17
3.61	18
3.62	18
3.63	17
3.64	17
3.65	18
3.66	18
3.67	18
3.68	18
3.69	18
3.7	18
3.71	18
3.72	18
3.73	18
3.74	18
3.75	18
3.76	18
3.77	18
3.78	18
3.79	19
3.8	18
3.81	18
3.82	18
3.83	18
3.84	18
3.85	18
3.86	18
3.87	18
3.88	18
3.89	18
3.9	18
3.91	18
3.92	18
3.93	18
3.94	18
3.95	18
3.96	18
3.97	18
3.98	18
3.99	18
4	18
4.01	18
4.02	18
4.03	18
4.04	18
4.05	18
4.06	18
4.07	18
4.08	18
4.09	17
4.1	17
4.11	17
4.12	17
4.13	17
4.14	17
4.15	17
4.16	17
4.17	17
4.18	17
4.19	17
4.2	17
4.21	17
4.22	17
4.23	17
4.24	17
4.25	17
4.26	17
4.27	17
4.28	17
4.29	17
4.3	17
4.31	17
4.32	17
4.33	17
4.34	17
4.35	17
4.36	17
4.37	17
4.38	17
4.39	17
4.4	17
4.41	17
4.42	18
4.43	18
4.44	18
4.45	18
4.46	18
4.47	18
4.48	18
4.49	18
4.5	18
4.51	18
4.52	18
4.53	18
4.54	18
4.55	18
4.56	18
4.57	18
4.58	18
4.59	18
4.6	18
4.61	18
4.62	18
4.63	18
4.64	18
4.65	18
4.66	18
4.67	18
4.68	18
4.69	18
4.7	18
4.71	18
4.72	18
4.73	18
4.74	18
4.75	18
4.76	18
4.77	18
4.78	18
4.79	18
4.8	18
4.81	18
4.82	18
4.83	18
4.84	18
4.85	18
4.86	18
4.87	18
4.88	18
4.89	18
4.9	18
4.91	18
4.92	18
4.93	18
4.94	18
4.95	18
4.96	18
4.97	18
4.98	18
4.99	18
5	18
5.01	18
5.02	18
5.03	17
5.04	17
5.05	17
5.06	17
5.07	17
5.08	17
5.09	17
5.1	17
5.11	17
5.12	17
5.13	17
5.14	17
5.15	17
5.16	17
5.17	17
5.18	17
5.19	17
5.2	17
5.21	17
5.22	17
5.23	17
5.24	17
5.25	17
5.26	17
5.27	17
5.28	17
5.29	17
5.3	17
5.31	17
5.32	17
5.33	17
5.34	17
5.35	17
5.36	17
5.37	17
5.38	17
5.39	17
5.4	17
5.41	17
5.42	17
5.43	17
5.44	17
5.45	17
5.46	17
5.47	17
5.48	17
5.49	17
5.5	17
5.51	17
5.52	17
5.53	17
5.54	17
5.55	17
5.56	17
5.57	17
5.58	17
5.59	17
5.6	17
5.61	17
5.62	17
5.63	17
5.64	17
5.65	17
5.66	17
5.67	17
5.68	17
5.69	17
5.7	17
5.71	17
5.72	17
5.73	17
5.74	17
5.75	17
5.76	17
5.77	17
5.78	17
5.79	17
5.8	17
5.81	17
5.82	17
5.83	17
5.84	17
5.85	17
5.86	17
5.87	17
5.88	17
5.89	17
5.9	17
5.91	17
5.92	17
5.93	17
5.94	17
5.95	17
5.96	17
5.97	17
5.98	17
5.99	17
6	17
6.01	17
6.02	17
6.03	17
6.04	17
6.05	17
6.06	17
6.07	17
6.08	17
6.09	17
6.1	17
6.11	17
6.12	17
6.13	17
6.14	17
6.15	17
6.16	17
6.17	17
6.18	17
6.19	17
6.2	17
6.21	17
6.22	17
6.23	17
6.24	17
6.25	17
6.26	17
6.27	17
6.28	17
6.29	17
6.3	17
6.31	17
6.32	17
6.33	17
6.34	17
6.35	17
6.36	17
6.37	17
6.38	17
6.39	17
6.4	17
6.41	17
6.42	17
6.43	17
6.44	17
6.45	17
6.46	17
6.47	17
6.48	17
6.49	17
6.5	17
6.51	17
6.52	17
6.53	17
6.54	17
6.55	17
6.56	17
6.57	17
6.58	17
6.59	17
6.6	17
6.61	17
6.62	17
6.63	17
6.64	17
6.65	17
6.66	17
6.67	17
6.68	17
6.69	17
6.7	17
6.71	17
6.72	17
6.73	17
6.74	17
6.75	17
6.76	17
6.77	17
6.78	17
6.79	17
6.8	17
6.81	17
6.82	17
6.83	17
6.84	17
6.85	17
6.86	17
6.87	17
6.88	17
6.89	17
6.9	17
6.91	17
6.92	17
6.93	17
6.94	17
6.95	17
6.96	17
6.97	17
6.98	17
6.99	17
7	17
7.01	17
7.02	17
7.03	17
7.04	17
7.05	17
7.06	17
7.07	17
7.08	17
7.09	17
7.1	17
7.11	17
7.12	17
7.13	17
7.14	17
7.15	17
7.16	17
7.17	17
7.18	17
7.19	17
7.2	17
7.21	17
7.22	17
7.23	17
7.24	17
7.25	17
7.26	17
7.27	17
7.28	17
7.29	17
7.3	17
7.31	17
7.32	17
7.33	17
7.34	17
7.35	17
7.36	17
7.37	17
7.38	17
7.39	17
7.4	17
7.41	17
7.42	17
7.43	17
7.44	17
7.45	17
7.46	17
7.47	17
7.48	17
7.49	17
7.5	17
7.51	17
7.52	17
7.53	17
7.54	17
7.55	17
7.56	17
7.57	17
7.58	17
7.59	17
7.6	17
7.61	17
7.62	17
7.63	17
7.64	17
7.65	17
7.66	17
7.67	17
7.68	17
7.69	17
7.7	17
7.71	17
7.72	17
7.73	17
7.74	17
7.75	17
7.76	17
7.77	17
7.78	17
7.79	17
7.8	17
7.81	17
7.82	17
7.83	17
7.84	17
7.85	17
7.86	17
7.87	17
7.88	17
7.89	17
7.9	17
7.91	17
7.92	17
7.93	17
7.94	17
7.95	17
7.96	17
7.97	17
7.98	17
7.99	17
8	17
8.01	17
8.02	17
8.03	17
8.04	17
8.05	17
8.06	17
8.07	17
8.08	17
8.09	17
8.1	17
8.11	17
8.12	17
8.13	17
8.14	17
8.15	17
8.16	17
8.17	17
8.18	17
8.19	17
8.2	17
8.21	17
8.22	17
8.23	17
8.24	17
8.25	17
8.26	17
8.27	17
8.28	17
8.29	17
8.3	17
8.31	17
8.32	17
8.33	17
8.34	17
8.35	17
8.36	17
8.37	17
8.38	17
8.39	17
8.4	17
8.41	17
8.42	17
8.43	17
8.44	17
8.45	17
8.46	17
8.47	17
8.48	17
8.49	17
8.5	17
8.51	17
8.52	17
8.53	17
8.54	17
8.55	17
8.56	17
8.57	17
8.58	17
8.59	17
8.6	17
8.61	17
8.62	17
8.63	17
8.64	17
8.65	17
8.66	17
8.67	17
8.68	17
8.69	17
8.7	17
8.71	17
8.72	17
8.73	17
8.74	17
8.75	17
8.76	17
8.77	17
8.78	17
8.79	17
8.8	17
8.81	17
8.82	17
8.83	17
8.84	17
8.85	17
8.86	17
8.87	17
8.88	17
8.89	17
8.9	17
8.91	17
8.92	17
8.93	17
8.94	17
8.95	17
8.96	17
8.97	17
8.98	17
8.99	17
9	17
9.01	17
9.02	17
9.03	17
9.04	17
9.05	17
9.06	17
9.07	17
9.08	17
9.09	17
9.1	17
9.11	17
9.12	17
9.13	17
9.14	17
9.15	17
9.16	17
9.17	17
9.18	17
9.19	17
9.2	17
9.21	17
9.22	17
9.23	17
9.24	17
9.25	17
9.26	17
9.27	17
9.28	17
9.29	17
9.3	17
9.31	17
9.32	17
9.33	17
9.34	17
9.35	17
9.36	17
9.37	17
9.38	17
9.39	17
9.4	17
9.41	17
9.42	17
9.43	17
9.44	17
9.45	17
9.46	17
9.47	17
9.48	17
9.49	17
9.5	17
9.51	17
9.52	17
9.53	17
9.54	17
9.55	17
9.56	17
9.57	17
9.58	17
9.59	17
9.6	17
9.61	17
9.62	17
9.63	17
9.64	17
9.65	17
9.66	17
9.67	17
9.68	17
9.69	17
9.7	17
9.71	17
9.72	17
9.73	17
9.74	17
9.75	17
9.76	17
9.77	17
9.78	17
9.79	17
9.8	17
9.81	17
9.82	17
9.83	17
9.84	17
9.85	17
9.86	17
9.87	17
9.88	17
9.89	17
9.9	17
9.91	17
9.92	17
9.93	17
9.94	17
9.95	17
9.96	17
9.97	17
9.98	17
9.99	17
10	17
10.01	17
10.02	17
10.03	17
10.04	17
10.05	17
10.06	17
10.07	17
10.08	17
10.09	17
10.1	17
10.11	17
10.12	17
10.13	17
10.14	17
10.15	17
10.16	17
10.17	17
10.18	17
10.19	17
10.2	17
10.21	17
10.22	17
10.23	17
10.24	17
10.25	17
10.26	17
10.27	17
10.28	17
10.29	17
10.3	17
10.31	17
10.32	17
10.33	17
10.34	17
10.35	17
10.36	17
10.37	17
10.38	17
10.39	17
10.4	17
10.41	17
10.42	17
10.43	17
10.44	17
10.45	17
10.46	17
10.47	17
10.48	17
10.49	17
10.5	17
10.51	17
10.52	17
10.53	17
10.54	17
10.55	17
10.56	17
10.57	17
10.58	17
10.59	17
10.6	17
10.61	17
10.62	17
10.63	17
10.64	17
10.65	17
10.66	17
10.67	17
10.68	17
10.69	17
10.7	17
10.71	17
10.72	17
10.73	17
10.74	17
10.75	17
10.76	17
10.77	17
10.78	17
10.79	17
10.8	17
10.81	17
10.82	17
10.83	17
10.84	17
10.85	17
10.86	17
10.87	17
10.88	17
10.89	17
10.9	17
10.91	17
10.92	17
10.93	17
10.94	17
10.95	17
10.96	17
10.97	17
10.98	17
10.99	17
11	17
11.01	17
11.02	17
11.03	17
11.04	17
11.05	17
11.06	17
11.07	17
11.08	17
11.09	17
11.1	17
11.11	17
11.12	17
11.13	17
11.14	17
11.15	17
11.16	17
11.17	17
11.18	17
11.19	17
11.2	17
11.21	17
11.22	17
11.23	17
11.24	17
11.25	17
11.26	17
11.27	17
11.28	17
11.29	17
11.3	17
11.31	17
11.32	17
11.33	17
11.34	17
11.35	17
11.36	17
11.37	17
11.38	17
11.39	17
11.4	17
11.41	17
11.42	17
11.43	17
11.44	17
11.45	17
11.46	17
11.47	17
11.48	17
11.49	17
11.5	17
11.51	17
11.52	17
11.53	17
11.54	17
11.55	17
11.56	17
11.57	17
11.58	17
11.59	17
11.6	17
11.61	17
11.62	17
11.63	17
11.64	17
11.65	17
11.66	17
11.67	17
11.68	17
11.69	17
11.7	17
11.71	17
11.72	17
11.73	17
11.74	17
11.75	17
11.76	17
11.77	17
11.78	17
11.79	17
11.8	17
11.81	17
11.82	17
11.83	17
11.84	17
11.85	17
11.86	17
11.87	17
11.88	17
11.89	17
11.9	17
11.91	17
11.92	17
11.93	17
11.94	17
11.95	17
11.96	17
11.97	17
11.98	17
11.99	17
12	17
12.01	17
12.02	17
12.03	17
12.04	17
12.05	17
12.06	17
12.07	17
12.08	17
12.09	17
12.1	17
12.11	17
12.12	17
12.13	17
12.14	17
12.15	17
12.16	17
12.17	17
12.18	17
12.19	17
12.2	17
12.21	17
12.22	17
12.23	17
12.24	17
12.25	17
12.26	17
12.27	17
12.28	17
12.29	17
12.3	17
12.31	17
12.32	17
12.33	17
12.34	17
12.35	17
12.36	17
12.37	17
12.38	17
12.39	17
12.4	17
12.41	17
12.42	17
12.43	17
12.44	17
12.45	17
12.46	17
12.47	17
12.48	17
12.49	17
12.5	17
12.51	17
12.52	17
12.53	17
12.54	17
12.55	17
12.56	17
12.57	17
12.58	17
12.59	17
12.6	17
12.61	17
12.62	17
12.63	17
12.64	17
12.65	17
12.66	17
12.67	17
12.68	17
12.69	17
12.7	17
12.71	17
12.72	17
12.73	17
12.74	17
12.75	17
12.76	17
12.77	17
12.78	17
12.79	17
12.8	17
12.81	17
12.82	17
12.83	17
12.84	17
12.85	17
12.86	17
12.87	17
12.88	17
12.89	17
12.9	17
12.91	17
12.92	17
12.93	17
12.94	17
12.95	17
12.96	17
12.97	17
12.98	17
12.99	17
13	17
13.01	17
13.02	17
13.03	17
13.04	17
13.05	17
13.06	17
13.07	17
13.08	17
13.09	17
13.1	17
13.11	17
13.12	17
13.13	17
13.14	17
13.15	17
13.16	17
13.17	17
13.18	17
13.19	17
13.2	17
13.21	17
13.22	17
13.23	17
13.24	17
13.25	17
13.26	17
13.27	17
13.28	17
13.29	17
13.3	17
13.31	17
13.32	17
13.33	17
13.34	17
13.35	17
13.36	17
13.37	17
13.38	17
13.39	17
13.4	17
13.41	17
13.42	17
13.43	17
13.44	17
13.45	17
13.46	17
13.47	17
13.48	17
13.49	17
13.5	17
13.51	17
13.52	17
13.53	17
13.54	17
13.55	17
13.56	17
13.57	17
13.58	17
13.59	17
13.6	17
13.61	17
13.62	17
13.63	17
13.64	17
13.65	17
13.66	17
13.67	17
13.68	17
13.69	17
13.7	17
13.71	17
13.72	17
13.73	17
13.74	17
13.75	17
13.76	17
13.77	17
13.78	17
13.79	17
13.8	17
13.81	17
13.82	17
13.83	17
13.84	17
13.85	17
13.86	17
13.87	17
13.88	17
13.89	17
13.9	17
13.91	17
13.92	17
13.93	17
13.94	17
13.95	17
13.96	17
13.97	17
13.98	17
13.99	17
14	17
14.01	17
14.02	17
14.03	17
14.04	17
14.05	17
14.06	17
14.07	17
14.08	17
14.09	17
14.1	17
14.11	17
14.12	17
14.13	17
14.14	17
14.15	17
14.16	17
14.17	17
14.18	17
14.19	17
14.2	17
14.21	17
14.22	17
14.23	17
14.24	17
14.25	17
14.26	17
14.27	17
14.28	17
14.29	17
14.3	17
14.31	17
14.32	17
14.33	17
14.34	17
14.35	17
14.36	17
14.37	17
14.38	17
14.39	17
14.4	17
14.41	17
14.42	17
14.43	17
14.44	17
14.45	17
14.46	17
14.47	17
14.48	17
14.49	17
14.5	17
14.51	17
14.52	17
14.53	17
14.54	17
14.55	17
14.56	17
14.57	17
14.58	17
14.59	17
14.6	17
14.61	17
14.62	17
14.63	17
14.64	17
14.65	17
14.66	17
14.67	17
14.68	17
14.69	17
14.7	17
14.71	17
14.72	17
14.73	17
14.74	17
14.75	17
14.76	17
14.77	17
14.78	17
14.79	17
14.8	17
14.81	17
14.82	17
14.83	17
14.84	17
14.85	17
14.86	17
14.87	17
14.88	17
14.89	17
14.9	17
14.91	17
14.92	17
14.93	17
14.94	17
14.95	17
14.96	17
14.97	17
14.98	17
14.99	17
15	17
15.01	17
15.02	17
15.03	17
15.04	17
15.05	17
15.06	17
15.07	17
15.08	17
15.09	17
15.1	17
15.11	17
15.12	17
15.13	17
15.14	17
15.15	17
15.16	17
15.17	17
15.18	17
15.19	17
15.2	17
15.21	17
15.22	17
15.23	17
15.24	17
15.25	17
15.26	17
15.27	17
15.28	17
15.29	17
15.3	17
15.31	17
15.32	17
15.33	17
15.34	17
15.35	17
15.36	17
15.37	17
15.38	17
15.39	17
15.4	17
15.41	17
15.42	17
15.43	17
15.44	17
15.45	17
15.46	17
15.47	17
15.48	17
15.49	17
15.5	17
15.51	17
15.52	17
15.53	17
15.54	17
15.55	17
15.56	17
15.57	17
15.58	17
15.59	17
15.6	17
15.61	17
15.62	17
15.63	17
15.64	17
15.65	17
15.66	17
15.67	17
15.68	17
15.69	17
15.7	17
15.71	17
15.72	17
15.73	17
15.74	17
15.75	17
15.76	17
15.77	17
15.78	17
15.79	17
15.8	17
15.81	17
15.82	17
15.83	17
15.84	17
15.85	17
15.86	17
15.87	17
15.88	17
15.89	17
15.9	17
15.91	17
15.92	17
15.93	17
15.94	17
15.95	17
15.96	17
15.97	17
15.98	17
15.99	17
16	17
16.01	17
16.02	17
16.03	17
16.04	17
16.05	17
16.06	17
16.07	17
16.08	17
16.09	17
16.1	17
16.11	17
16.12	17
16.13	17
16.14	17
16.15	17
16.16	17
16.17	17
16.18	17
16.19	17
16.2	17
16.21	17
16.22	17
16.23	17
16.24	17
16.25	17
16.26	17
16.27	17
16.28	17
16.29	17
16.3	17
16.31	17
16.32	17
16.33	17
16.34	17
16.35	17
16.36	17
16.37	17
16.38	17
16.39	17
16.4	17
16.41	17
16.42	17
16.43	17
16.44	17
16.45	17
16.46	17
16.47	17
16.48	17
16.49	17
16.5	17
16.51	17
16.52	17
16.53	17
16.54	17
16.55	17
16.56	17
16.57	17
16.58	17
16.59	17
16.6	17
16.61	17
16.62	17
16.63	17
16.64	17
16.65	17
16.66	17
16.67	17
16.68	17
16.69	17
16.7	17
16.71	17
16.72	17
16.73	17
16.74	17
16.75	17
16.76	17
16.77	17
16.78	17
16.79	17
16.8	17
16.81	17
16.82	17
16.83	17
16.84	17
16.85	17
16.86	17
16.87	17
16.88	17
16.89	17
16.9	17
16.91	17
16.92	17
16.93	17
16.94	17
16.95	17
16.96	17
16.97	17
16.98	17
16.99	17
17	17
17.01	17
17.02	17
17.03	17
17.04	17
17.05	17
17.06	17
17.07	17
17.08	17
17.09	17
17.1	17
17.11	17
17.12	17
17.13	17
17.14	17
17.15	17
17.16	17
17.17	17
17.18	17
17.19	17
17.2	17
17.21	17
17.22	17
17.23	17
17.24	17
17.25	17
17.26	17
17.27	17
17.28	17
17.29	17
17.3	17
17.31	17
17.32	17
17.33	17
17.34	17
17.35	17
17.36	17
17.37	17
17.38	17
17.39	17
17.4	17
17.41	17
17.42	17
17.43	17
17.44	17
17.45	17
17.46	17
17.47	17
17.48	17
17.49	17
17.5	17
17.51	17
17.52	17
17.53	17
17.54	17
17.55	17
17.56	17
17.57	17
17.58	17
17.59	17
17.6	17
17.61	17
17.62	17
17.63	17
17.64	17
17.65	17
17.66	17
17.67	17
17.68	17
17.69	17
17.7	17
17.71	17
17.72	17
17.73	17
17.74	17
17.75	17
17.76	17
17.77	17
17.78	17
17.79	17
17.8	17
17.81	17
17.82	17
17.83	17
17.84	17
17.85	17
17.86	17
17.87	17
17.88	17
17.89	17
17.9	17
17.91	17
17.92	17
17.93	17
17.94	17
17.95	17
17.96	17
17.97	17
17.98	17
17.99	17
18	17
18.01	17
18.02	17
18.03	17
18.04	17
18.05	17
18.06	17
18.07	17
18.08	17
18.09	17
18.1	17
18.11	17
18.12	17
18.13	17
18.14	17
18.15	17
18.16	17
18.17	17
18.18	17
18.19	17
18.2	17
18.21	17
18.22	17
18.23	17
18.24	17
18.25	17
18.26	17
18.27	17
18.28	17
18.29	17
18.3	17
18.31	17
18.32	17
18.33	17
18.34	17
18.35	17
18.36	17
18.37	17
18.38	17
18.39	17
18.4	17
18.41	17
18.42	17
18.43	17
18.44	17
18.45	17
18.46	17
18.47	17
18.48	17
18.49	17
18.5	17
18.51	17
18.52	17
18.53	17
18.54	17
18.55	17
18.56	17
18.57	17
18.58	17
18.59	17
18.6	17
18.61	17
18.62	17
18.63	17
18.64	17
18.65	17
18.66	17
18.67	17
18.68	17
18.69	17
18.7	17
18.71	17
18.72	17
18.73	17
18.74	17
18.75	17
18.76	17
18.77	17
18.78	17
18.79	17
18.8	17
18.81	17
18.82	17
18.83	17
18.84	17
18.85	17
18.86	17
18.87	17
18.88	17
18.89	17
18.9	17
18.91	17
18.92	17
18.93	17
18.94	17
18.95	17
18.96	17
18.97	17
18.98	17
18.99	17
19	17
19.01	17
19.02	17
19.03	17
19.04	17
19.05	17
19.06	17
19.07	17
19.08	17
19.09	17
19.1	17
19.11	17
19.12	17
19.13	17
19.14	17
19.15	17
19.16	17
19.17	17
19.18	17
19.19	17
19.2	17
19.21	17
19.22	17
19.23	17
19.24	17
19.25	17
19.26	17
19.27	17
19.28	17
19.29	17
19.3	17
19.31	17
19.32	17
19.33	17
19.34	17
19.35	17
19.36	17
19.37	17
19.38	17
19.39	17
19.4	17
19.41	17
19.42	17
19.43	17
19.44	17
19.45	17
19.46	17
19.47	17
19.48	17
19.49	17
19.5	17
19.51	17
19.52	17
19.53	17
19.54	17
19.55	17
19.56	17
19.57	17
19.58	17
19.59	17
19.6	17
19.61	17
19.62	17
19.63	17
19.64	17
19.65	17
19.66	17
19.67	17
19.68	17
19.69	17
19.7	17
19.71	17
19.72	17
19.73	17
19.74	17
19.75	17
19.76	17
19.77	17
19.78	17
19.79	17
19.8	17
19.81	17
19.82	17
19.83	17
19.84	17
19.85	17
19.86	17
19.87	17
19.88	17
19.89	17
19.9	17
19.91	17
19.92	17
19.93	17
19.94	17
19.95	17
19.96	17
19.97	17
19.98	17
19.99	17
20	17
20.01	17
20.02	17
20.03	17
20.04	17
20.05	17
20.06	17
20.07	17
20.08	17
20.09	17
20.1	17
20.11	17
20.12	17
20.13	17
20.14	17
20.15	17
20.16	17
20.17	17
20.18	17
20.19	17
20.2	17
20.21	17
20.22	17
20.23	17
20.24	17
20.25	17
20.26	17
20.27	17
20.28	17
20.29	17
20.3	17
20.31	17
20.32	17
20.33	17
20.34	17
20.35	17
20.36	17
20.37	17
20.38	17
20.39	17
20.4	17
20.41	17
20.42	17
20.43	17
20.44	17
20.45	17
20.46	17
20.47	17
20.48	17
20.49	17
20.5	17
20.51	17
20.52	17
20.53	17
20.54	17
20.55	17
20.56	17
20.57	17
20.58	17
20.59	17
20.6	17
20.61	17
20.62	17
20.63	17
20.64	17
20.65	17
20.66	17
20.67	17
20.68	17
20.69	17
20.7	17
20.71	17
20.72	17
20.73	17
20.74	17
20.75	17
20.76	17
20.77	17
20.78	17
20.79	17
20.8	17
20.81	17
20.82	17
20.83	17
20.84	17
20.85	17
20.86	17
20.87	17
20.88	17
20.89	17
20.9	17
20.91	17
20.92	17
20.93	17
20.94	17
20.95	17
20.96	17
20.97	17
20.98	17
20.99	17
21	17
21.01	17
21.02	17
21.03	17
21.04	17
21.05	17
21.06	17
21.07	17
21.08	17
21.09	17
21.1	17
21.11	17
21.12	17
21.13	17
21.14	17
21.15	17
21.16	17
21.17	17
21.18	17
21.19	17
21.2	17
21.21	17
21.22	17
21.23	17
21.24	17
21.25	17
21.26	17
21.27	17
21.28	17
21.29	17
21.3	17
21.31	17
21.32	17
21.33	17
21.34	17
21.35	17
21.36	17
21.37	17
21.38	17
21.39	17
21.4	17
21.41	17
21.42	17
21.43	17
21.44	17
21.45	17
21.46	17
21.47	17
21.48	17
21.49	17
21.5	17
21.51	17
21.52	17
21.53	17
21.54	17
21.55	17
21.56	17
21.57	17
21.58	17
21.59	17
21.6	17
21.61	17
21.62	17
21.63	17
21.64	17
21.65	17
21.66	17
21.67	17
21.68	17
21.69	17
21.7	17
21.71	17
21.72	17
21.73	17
21.74	17
21.75	17
21.76	17
21.77	17
21.78	17
21.79	17
21.8	17
21.81	17
21.82	17
21.83	17
21.84	17
21.85	17
21.86	17
21.87	17
21.88	17
21.89	17
21.9	17
21.91	17
21.92	17
21.93	17
21.94	17
21.95	17
21.96	17
21.97	17
21.98	17
21.99	17
22	17
22.01	17
22.02	17
22.03	17
22.04	17
22.05	17
22.06	17
22.07	18
22.08	17
22.09	17
22.1	17
22.11	17
22.12	17
22.13	17
22.14	17
22.15	17
22.16	17
22.17	17
22.18	17
22.19	17
22.2	17
22.21	17
22.22	17
22.23	17
22.24	17
22.25	17
22.26	17
22.27	17
22.28	17
22.29	17
22.3	17
22.31	17
22.32	17
22.33	17
22.34	17
22.35	18
22.36	17
22.37	17
22.38	17
22.39	17
22.4	17
22.41	17
22.42	17
22.43	17
22.44	17
22.45	17
22.46	17
22.47	17
22.48	17
22.49	17
22.5	17
22.51	17
22.52	17
22.53	17
22.54	17
22.55	18
22.56	17
22.57	17
22.58	17
22.59	17
22.6	17
22.61	17
22.62	17
22.63	17
22.64	17
22.65	17
22.66	17
22.67	17
22.68	17
22.69	18
22.7	17
22.71	17
22.72	18
22.73	17
22.74	17
22.75	17
22.76	17
22.77	18
22.78	17
22.79	17
22.8	17
22.81	17
22.82	18
22.83	17
22.84	17
22.85	17
22.86	17
22.87	17
22.88	17
22.89	18
22.9	17
22.91	17
22.92	17
22.93	17
22.94	17
22.95	17
22.96	17
22.97	17
22.98	17
22.99	18
23	17
23.01	17
23.02	17
23.03	18
23.04	17
23.05	17
23.06	18
23.07	17
23.08	17
23.09	17
23.1	17
23.11	18
23.12	17
23.13	17
23.14	17
23.15	17
23.16	17
23.17	18
23.18	17
23.19	17
23.2	17
23.21	17
23.22	17
23.23	18
23.24	17
23.25	17
23.26	17
23.27	17
23.28	17
23.29	18
23.3	17
23.31	17
23.32	17
23.33	17
23.34	17
23.35	17
23.36	17
23.37	17
23.38	17
23.39	17
23.4	18
23.41	18
23.42	17
23.43	17
23.44	17
23.45	17
23.46	17
23.47	17
23.48	18
23.49	17
23.5	17
23.51	17
23.52	17
23.53	17
23.54	17
23.55	18
23.56	18
23.57	17
23.58	17
23.59	17
23.6	17
23.61	18
23.62	17
23.63	18
23.64	17
23.65	17
23.66	18
23.67	17
23.68	17
23.69	17
23.7	17
23.71	17
23.72	17
23.73	17
23.74	18
23.75	17
23.76	17
23.77	17
23.78	17
23.79	17
23.8	17
23.81	17
23.82	17
23.83	17
23.84	17
23.85	17
23.86	17
23.87	17
23.88	18
23.89	17
23.9	17
23.91	17
23.92	17
23.93	17
23.94	17
23.95	17
23.96	17
23.97	17
23.98	17
23.99	17
24	17
24.01	17
24.02	17
24.03	17
24.04	17
24.05	18
24.06	17
24.07	17
24.08	17
24.09	17
24.1	17
24.11	17
24.12	18
24.13	17
24.14	17
24.15	17
24.16	17
24.17	17
24.18	17
24.19	17
24.2	17
24.21	17
24.22	18
24.23	18
24.24	17
24.25	17
24.26	17
24.27	17
24.28	18
24.29	18
24.3	17
24.31	17
24.32	17
24.33	18
24.34	17
24.35	18
24.36	17
24.37	17
24.38	17
24.39	17
24.4	17
24.41	18
24.42	18
24.43	17
24.44	18
24.45	17
24.46	17
24.47	17
24.48	18
24.49	17
24.5	17
24.51	18
24.52	17
24.53	17
24.54	17
24.55	17
24.56	17
24.57	17
24.58	17
24.59	18
24.6	17
24.61	17
24.62	17
24.63	17
24.64	17
24.65	18
24.66	17
24.67	17
24.68	17
24.69	17
24.7	17
24.71	18
24.72	17
24.73	17
24.74	17
24.75	17
24.76	18
24.77	17
24.78	17
24.79	17
24.8	17
24.81	17
24.82	17
24.83	17
24.84	18
24.85	17
24.86	17
24.87	17
24.88	17
24.89	18
24.9	17
24.91	17
24.92	17
24.93	17
24.94	17
24.95	17
24.96	17
24.97	17
24.98	17
24.99	17
25	18
25.01	17
25.02	17
25.03	17
25.04	18
25.05	18
25.06	17
25.07	17
25.08	17
25.09	17
25.1	18
25.11	18
25.12	18
25.13	17
25.14	17
25.15	17
25.16	17
25.17	17
25.18	18
25.19	17
25.2	17
25.21	18
25.22	18
25.23	17
25.24	17
25.25	18
25.26	17
25.27	17
25.28	17
25.29	17
25.3	17
25.31	17
25.32	17
25.33	17
25.34	18
25.35	17
25.36	18
25.37	17
25.38	18
25.39	17
25.4	17
25.41	17
25.42	17
25.43	17
25.44	17
25.45	17
25.46	17
25.47	17
25.48	17
25.49	17
25.5	17
25.51	17
25.52	18
25.53	17
25.54	18
25.55	17
25.56	17
25.57	17
25.58	18
25.59	18
25.6	17
25.61	16
25.62	18
25.63	17
25.64	17
25.65	17
25.66	17
25.67	17
25.68	17
25.69	17
25.7	17
25.71	17
25.72	17
25.73	17
25.74	17
25.75	18
25.76	17
25.77	17
25.78	17
25.79	17
25.8	17
25.81	18
25.82	18
25.83	16
25.84	18
25.85	17
25.86	18
25.87	17
25.88	17
25.89	18
25.9	17
25.91	17
25.92	17
25.93	18
25.94	17
25.95	18
25.96	17
25.97	17
25.98	16
25.99	17
26	17
26.01	18
26.02	17
26.03	18
26.04	18
26.05	17
26.06	17
26.07	17
26.08	18
26.09	17
26.1	17
26.11	17
26.12	17
26.13	17
26.14	16
26.15	18
26.16	17
26.17	16
26.18	18
26.19	18
26.2	17
26.21	17
26.22	17
26.23	17
26.24	17
26.25	17
26.26	17
26.27	17
26.28	17
26.29	17
26.3	17
26.31	16
26.32	17
26.33	17
26.34	16
26.35	17
26.36	17
26.37	17
26.38	17
26.39	18
26.4	17
26.41	18
26.42	17
26.43	17
26.44	17
26.45	17
26.46	17
26.47	17
26.48	17
26.49	15
26.5	17
26.51	19
26.52	17
26.53	17
26.54	16
26.55	17
26.56	18
26.57	17
26.58	17
26.59	17
26.6	17
26.61	17
26.62	17
26.63	17
26.64	17
26.65	17
26.66	18
26.67	16
26.68	18
26.69	17
26.7	17
26.71	15
26.72	17
26.73	17
26.74	17
26.75	17
26.76	17
26.77	16
26.78	17
26.79	16
26.8	16
26.81	17
26.82	17
26.83	18
26.84	16
26.85	16
26.86	18
26.87	17
26.88	16
26.89	17
26.9	16
26.91	17
26.92	17
26.93	17
26.94	16
26.95	16
26.96	16
26.97	17
26.98	18
26.99	17
27	17
27.01	18
27.02	18
27.03	18
27.04	17
27.05	17
27.06	17
27.07	17
27.08	17
27.09	17
27.1	17
27.11	18
27.12	17
27.13	17
27.14	17
27.15	16
27.16	17
27.17	17
27.18	17
27.19	17
27.2	17
27.21	18
27.22	18
27.23	16
27.24	15
27.25	17
27.26	16
27.27	16
27.28	17
27.29	18
27.3	16
27.31	18
27.32	18
27.33	17
27.34	17
27.35	17
27.36	17
27.37	18
27.38	17
27.39	17
27.4	17
27.41	17
27.42	17
27.43	17
27.44	18
27.45	18
27.46	18
27.47	17
27.48	16
27.49	17
27.5	17
27.51	19
27.52	16
27.53	17
27.54	17
27.55	18
27.56	17
27.57	18
27.58	15
27.59	16
27.6	18
27.61	17
27.62	17
27.63	16
27.64	17
27.65	17
27.66	19
27.67	17
27.68	17
27.69	17
27.7	17
27.71	17
27.72	16
27.73	17
27.74	17
27.75	17
27.76	16
27.77	17
27.78	17
27.79	18
27.8	16
27.81	17
27.82	17
27.83	18
27.84	18
27.85	15
27.86	16
27.87	17
27.88	17
27.89	18
27.9	16
27.91	17
27.92	17
27.93	17
27.94	18
27.95	18
27.96	18
27.97	17
27.98	17
27.99	17
28	18
28.01	19
28.02	18
28.03	17
28.04	19
28.05	18
28.06	18
28.07	17
28.08	18
28.09	18
28.1	17
28.11	17
28.12	18
28.13	16
28.14	17
28.15	19
28.16	16
28.17	17
28.18	17
28.19	17
28.2	17
28.21	19
28.22	17
28.23	18
28.24	18
28.25	18
28.26	17
28.27	17
28.28	17
28.29	17
28.3	18
28.31	16
28.32	17
28.33	17
28.34	18
28.35	16
28.36	19
28.37	18
28.38	17
28.39	17
28.4	18
28.41	17
28.42	18
28.43	17
28.44	18
28.45	19
28.46	18
28.47	19
28.48	17
28.49	18
28.5	19
28.51	18
28.52	17
28.53	16
28.54	17
28.55	17
28.56	17
28.57	18
28.58	18
28.59	17
28.6	17
28.61	18
28.62	17
28.63	16
28.64	17
28.65	17
28.66	17
28.67	17
28.68	18
28.69	17
28.7	17
28.71	16
28.72	15
28.73	18
28.74	17
28.75	16
28.76	18
28.77	19
28.78	17
28.79	19
28.8	18
28.81	18
28.82	17
28.83	16
28.84	18
28.85	16
28.86	19
28.87	17
28.88	18
28.89	17
28.9	17
28.91	17
28.92	18
28.93	19
28.94	17
28.95	18
28.96	15
28.97	19
28.98	17
28.99	16
29	15
29.01	18
29.02	17
29.03	16
29.04	18
29.05	17
29.06	17
29.07	17
29.08	17
29.09	17
29.1	19
29.11	15
29.12	17
29.13	17
29.14	19
29.15	18
29.16	18
29.17	15
29.18	18
29.19	17
29.2	17
29.21	17
29.22	17
29.23	17
29.24	17
29.25	18
29.26	17
29.27	17
29.28	17
29.29	17
29.3	18
29.31	17
29.32	17
29.33	16
29.34	17
29.35	17
29.36	16
29.37	16
29.38	17
29.39	16
29.4	18
29.41	17
29.42	17
29.43	19
29.44	19
29.45	17
29.46	19
29.47	16
29.48	17
29.49	16
29.5	19
29.51	19
29.52	17
29.53	18
29.54	17
29.55	17
29.56	17
29.57	17
29.58	18
29.59	17
29.6	18
29.61	18
29.62	16
29.63	17
29.64	17
29.65	17
29.66	18
29.67	17
29.68	16
29.69	18
29.7	18
29.71	18
29.72	18
29.73	17
29.74	15
29.75	18
29.76	17
29.77	19
29.78	18
29.79	19
29.8	18
29.81	17
29.82	17
29.83	16
29.84	17
29.85	16
29.86	17
29.87	18
29.88	16
29.89	17
29.9	18
29.91	17
29.92	16
29.93	17
29.94	16
29.95	18
29.96	17
29.97	19
29.98	18
29.99	17
30	16
30.01	17
30.02	16
30.03	19
30.04	16
30.05	16
30.06	18
30.07	17
30.08	17
30.09	17
30.1	17
30.11	19
30.12	17
30.13	16
30.14	16
30.15	19
30.16	16
30.17	18
30.18	18
30.19	18
30.2	18
30.21	18
30.22	18
30.23	16
30.24	17
30.25	17
30.26	17
30.27	16
30.28	17
30.29	18
30.3	17
30.31	16
30.32	19
30.33	18
30.34	19
30.35	16
30.36	18
30.37	16
30.38	18
30.39	18
30.4	17
30.41	17
30.42	17
30.43	19
30.44	18
30.45	16
30.46	18
30.47	19
30.48	17
30.49	17
30.5	19
30.51	17
30.52	18
30.53	19
30.54	19
30.55	16
30.56	18
30.57	17
30.58	18
30.59	18
30.6	16
30.61	17
30.62	19
30.63	17
30.64	17
30.65	18
30.66	18
30.67	16
30.68	16
30.69	17
30.7	16
30.71	16
30.72	18
30.73	16
30.74	18
30.75	19
30.76	16
30.77	18
30.78	17
30.79	16
30.8	18
30.81	18
30.82	18
30.83	17
30.84	17
30.85	15
30.86	17
30.87	16
30.88	17
30.89	18
30.9	19
30.91	16
30.92	17
30.93	16
30.94	16
30.95	17
30.96	17
30.97	17
30.98	19
30.99	15
31	17
31.01	15
31.02	18
31.03	16
31.04	18
31.05	16
31.06	19
31.07	16
31.08	15
31.09	17
31.1	17
31.11	16
31.12	17
31.13	17
31.14	18
31.15	18
31.16	16
31.17	16
31.18	16
31.19	17
31.2	17
31.21	17
31.22	17
31.23	17
31.24	18
31.25	19
31.26	19
31.27	17
31.28	19
31.29	17
31.3	17
31.31	18
31.32	17
31.33	17
31.34	16
31.35	16
31.36	16
31.37	17
31.38	15
31.39	17
31.4	17
31.41	16
31.42	17
31.43	18
31.44	16
31.45	17
31.46	18
31.47	16
31.48	19
31.49	18
31.5	17
31.51	18
31.52	15
31.53	18
31.54	17
31.55	18
31.56	18
31.57	15
31.58	17
31.59	16
31.6	15
31.61	16
31.62	19
31.63	19
31.64	17
31.65	17
31.66	17
31.67	17
31.68	18
31.69	16
31.7	15
31.71	17
31.72	17
31.73	17
31.74	19
31.75	16
31.76	17
31.77	17
31.78	16
31.79	18
31.8	16
31.81	17
31.82	18
31.83	18
31.84	17
31.85	18
31.86	16
31.87	17
31.88	19
31.89	16
31.9	17
31.91	18
31.92	18
31.93	18
31.94	18
31.95	19
31.96	15
31.97	20
31.98	17
31.99	18
32	17
32.01	19
32.02	18
32.03	16
32.04	16
32.05	17
32.06	16
32.07	16
32.08	17
32.09	16
32.1	17
32.11	16
32.12	18
32.13	16
32.14	17
32.15	17
32.16	17
32.17	17
32.18	15
32.19	18
32.2	19
32.21	16
32.22	17
32.23	16
32.24	18
32.25	15
32.26	16
32.27	16
32.28	17
32.29	17
32.3	17
32.31	17
32.32	17
32.33	17
32.34	17
32.35	18
32.36	17
32.37	16
32.38	18
32.39	15
32.4	16
32.41	19
32.42	15
32.43	16
32.44	16
32.45	17
32.46	16
32.47	16
32.48	15
32.49	15
32.5	17
32.51	17
32.52	17
32.53	18
32.54	18
32.55	16
32.56	14
32.57	18
32.58	19
32.59	17
32.6	17
32.61	17
32.62	15
32.63	18
32.64	15
32.65	16
32.66	15
32.67	17
32.68	18
32.69	20
32.7	16
32.71	15
32.72	16
32.73	17
32.74	18
32.75	16
32.76	16
32.77	16
32.78	14
32.79	18
32.8	16
32.81	16
32.82	18
32.83	19
32.84	16
32.85	17
32.86	16
32.87	16
32.88	17
32.89	17
32.9	18
32.91	16
32.92	17
32.93	19
32.94	18
32.95	16
32.96	17
32.97	16
32.98	17
32.99	16
33	16
33.01	16
33.02	17
33.03	17
33.04	15
33.05	17
33.06	16
33.07	17
33.08	17
33.09	16
33.1	16
33.11	17
33.12	17
33.13	18
33.14	16
33.15	17
33.16	16
33.17	18
33.18	18
33.19	16
33.2	15
33.21	16
33.22	16
33.23	17
33.24	14
33.25	15
33.26	16
33.27	16
33.28	17
33.29	16
33.3	16
33.31	19
33.32	15
33.33	15
33.34	16
33.35	16
33.36	15
33.37	18
33.38	15
33.39	18
33.4	15
33.41	17
33.42	17
33.43	14
33.44	17
33.45	16
33.46	15
33.47	17
33.48	17
33.49	17
33.5	18
33.51	16
33.52	15
33.53	17
33.54	16
33.55	16
33.56	16
33.57	17
33.58	17
33.59	16
33.6	16
33.61	17
33.62	18
33.63	15
33.64	18
33.65	17
33.66	16
33.67	17
33.68	15
33.69	16
33.7	19
33.71	17
33.72	17
33.73	18
33.74	19
33.75	16
33.76	17
33.77	18
33.78	17
33.79	19
33.8	18
33.81	16
33.82	16
33.83	17
33.84	17
33.85	19
33.86	18
33.87	14
33.88	17
33.89	16
33.9	16
33.91	16
33.92	15
33.93	14
33.94	16
33.95	17
33.96	14
33.97	16
33.98	15
33.99	16
34	18
34.01	16
34.02	15
34.03	17
34.04	18
34.05	16
34.06	15
34.07	16
34.08	15
34.09	16
34.1	15
34.11	18
34.12	18
34.13	18
34.14	16
34.15	15
34.16	16
34.17	18
34.18	17
34.19	17
34.2	15
34.21	18
34.22	17
34.23	17
34.24	15
34.25	14
34.26	12
34.27	16
34.28	16
34.29	19
34.3	17
34.31	19
34.32	16
34.33	15
34.34	14
34.35	17
34.36	19
34.37	19
34.38	16
34.39	19
34.4	16
34.41	17
34.42	16
34.43	17
34.44	17
34.45	18
34.46	17
34.47	16
34.48	16
34.49	13
34.5	16
34.51	18
34.52	16
34.53	14
34.54	16
34.55	15
34.56	17
34.57	15
34.58	14
34.59	18
34.6	16
34.61	15
34.62	15
34.63	16
34.64	14
34.65	16
34.66	14
34.67	16
34.68	17
34.69	15
34.7	18
34.71	16
34.72	16
34.73	16
34.74	15
34.75	16
34.76	16
34.77	14
34.78	15
34.79	16
34.8	15
34.81	16
34.82	16
34.83	15
34.84	16
34.85	16
34.86	16
34.87	14
34.88	19
34.89	16
34.9	17
34.91	17
34.92	14
34.93	18
34.94	17
34.95	17
34.96	16
34.97	14
34.98	13
34.99	15
35	16
35.01	14
35.02	15
35.03	17
35.04	14
35.05	15
35.06	16
35.07	16
35.08	15
35.09	16
35.1	16
35.11	16
35.12	16
35.13	17
35.14	13
35.15	15
35.16	17
35.17	16
35.18	19
35.19	17
35.2	15
35.21	15
35.22	15
35.23	16
35.24	14
35.25	13
35.26	17
35.27	17
35.28	16
35.29	15
35.3	15
35.31	17
35.32	17
35.33	17
35.34	13
35.35	17
35.36	17
35.37	15
35.38	17
35.39	15
35.4	17
35.41	17
35.42	15
35.43	14
35.44	19
35.45	19
35.46	15
35.47	14
35.48	15
35.49	17
35.5	17
35.51	17
35.52	15
35.53	16
35.54	16
35.55	19
35.56	15
35.57	18
35.58	19
35.59	14
35.6	14
35.61	16
35.62	15
35.63	16
35.64	15
35.65	16
35.66	15
35.67	16
35.68	16
35.69	14
35.7	15
35.71	15
35.72	17
35.73	15
35.74	16
35.75	15
35.76	16
35.77	17
35.78	14
35.79	16
35.8	16
35.81	16
35.82	17
35.83	15
35.84	15
35.85	15
35.86	15
35.87	15
35.88	15
35.89	15
35.9	17
35.91	15
35.92	13
35.93	17
35.94	15
35.95	14
35.96	17
35.97	17
35.98	14
35.99	17
36	16
36.01	14
36.02	16
36.03	15
36.04	18
36.05	17
36.06	14
36.07	16
36.08	16
36.09	14
36.1	16
36.11	15
36.12	15
36.13	15
36.14	17
36.15	14
36.16	14
36.17	19
36.18	15
36.19	18
36.2	17
36.21	16
36.22	16
36.23	15
36.24	17
36.25	13
36.26	16
36.27	16
36.28	14
36.29	15
36.3	17
36.31	16
36.32	13
36.33	16
36.34	15
36.35	15
36.36	17
36.37	16
36.38	16
36.39	15
36.4	16
36.41	15
36.42	15
36.43	17
36.44	16
36.45	17
36.46	15
36.47	16
36.48	14
36.49	17
36.5	15
36.51	17
36.52	15
36.53	14
36.54	14
36.55	16
36.56	14
36.57	16
36.58	16
36.59	17
36.6	15
36.61	17
36.62	15
36.63	17
36.64	16
36.65	16
36.66	15
36.67	17
36.68	15
36.69	14
36.7	16
36.71	15
36.72	14
36.73	17
36.74	16
36.75	13
36.76	16
36.77	14
36.78	16
36.79	13
36.8	16
36.81	16
36.82	17
36.83	16
36.84	16
36.85	17
36.86	17
36.87	15
36.88	19
36.89	17
36.9	17
36.91	16
36.92	15
36.93	15
36.94	16
36.95	16
36.96	16
36.97	16
36.98	16
36.99	16
37	13
37.01	15
37.02	15
37.03	16
37.04	15
37.05	16
37.06	14
37.07	17
37.08	14
37.09	14
37.1	15
37.11	16
37.12	18
37.13	14
37.14	18
37.15	15
37.16	17
37.17	15
37.18	16
37.19	16
37.2	14
37.21	15
37.22	13
37.23	16
37.24	15
37.25	17
37.26	15
37.27	14
37.28	15
37.29	14
37.3	16
37.31	16
37.32	15
37.33	18
37.34	15
37.35	16
37.36	14
37.37	14
37.38	16
37.39	16
37.4	15
37.41	15
37.42	15
37.43	16
37.44	15
37.45	16
37.46	15
37.47	19
37.48	15
37.49	18
37.5	15
37.51	16
37.52	16
37.53	15
37.54	19
37.55	16
37.56	14
37.57	17
37.58	15
37.59	15
37.6	14
37.61	15
37.62	17
37.63	18
37.64	14
37.65	16
37.66	16
37.67	14
37.68	14
37.69	18
37.7	14
37.71	17
37.72	20
37.73	16
37.74	13
37.75	17
37.76	16
37.77	14
37.78	15
37.79	16
37.8	18
37.81	16
37.82	15
37.83	16
37.84	17
37.85	15
37.86	18
37.87	18
37.88	15
37.89	16
37.9	16
37.91	14
37.92	18
37.93	15
37.94	17
37.95	15
37.96	16
37.97	18
37.98	15
37.99	15
38	16
38.01	18
38.02	17
38.03	14
38.04	15
38.05	15
38.06	16
38.07	13
38.08	17
38.09	15
38.1	16
38.11	14
38.12	16
38.13	15
38.14	16
38.15	16
38.16	16
38.17	15
38.18	16
38.19	16
38.2	17
38.21	16
38.22	16
38.23	17
38.24	16
38.25	17
38.26	16
38.27	19
38.28	13
38.29	17
38.3	16
38.31	17
38.32	18
38.33	15
38.34	19
38.35	15
38.36	16
38.37	14
38.38	16
38.39	15
38.4	14
38.41	14
38.42	15
38.43	17
38.44	14
38.45	17
38.46	16
38.47	16
38.48	18
38.49	14
38.5	15
38.51	16
38.52	14
38.53	16
38.54	15
38.55	17
38.56	15
38.57	15
38.58	15
38.59	15
38.6	16
38.61	16
38.62	17
38.63	15
38.64	17
38.65	15
38.66	17
38.67	18
38.68	15
38.69	15
38.7	14
38.71	16
38.72	15
38.73	19
38.74	18
38.75	17
38.76	13
38.77	17
38.78	13
38.79	16
38.8	16
38.81	16
38.82	17
38.83	17
38.84	15
38.85	15
38.86	16
38.87	16
38.88	14
38.89	17
38.9	15
38.91	15
38.92	18
38.93	14
38.94	15
38.95	17
38.96	15
38.97	17
38.98	15
38.99	17
39	15
39.01	16
39.02	14
39.03	15
39.04	13
39.05	15
39.06	16
39.07	16
39.08	14
39.09	16
39.1	18
39.11	19
39.12	16
39.13	18
39.14	17
39.15	15
39.16	18
39.17	16
39.18	16
39.19	15
39.2	15
39.21	14
39.22	16
39.23	15
39.24	17
39.25	16
39.26	19
39.27	17
39.28	17
39.29	15
39.3	17
39.31	17
39.32	18
39.33	16
39.34	17
39.35	17
39.36	17
39.37	14
39.38	14
39.39	17
39.4	17
39.41	16
39.42	17
39.43	14
39.44	15
39.45	14
39.46	15
39.47	15
39.48	17
39.49	17
39.5	14
39.51	16
39.52	17
39.53	16
39.54	15
39.55	17
39.56	14
39.57	17
39.58	15
39.59	15
39.6	16
39.61	16
39.62	19
39.63	16
39.64	14
39.65	17
39.66	18
39.67	14
39.68	18
39.69	17
39.7	17
39.71	14
39.72	15
39.73	16
39.74	14
39.75	17
39.76	16
39.77	18
39.78	16
39.79	15
39.8	17
39.81	17
39.82	18
39.83	16
39.84	17
39.85	17
39.86	17
39.87	16
39.88	17
39.89	17
39.9	17
39.91	16
39.92	20
39.93	17
39.94	16
39.95	17
39.96	16
39.97	16
39.98	16
39.99	16
40	17
40.01	14
40.02	15
40.03	18
40.04	16
40.05	15
40.06	18
40.07	16
40.08	16
40.09	15
40.1	20
40.11	15
40.12	15
40.13	15
40.14	16
40.15	16
40.16	16
40.17	19
40.18	15
40.19	16
40.2	18
40.21	17
40.22	18
40.23	19
40.24	15
40.25	15
40.26	14
40.27	19
40.28	15
40.29	18
40.3	17
40.31	16
40.32	17
40.33	18
40.34	15
40.35	17
40.36	17
40.37	18
40.38	18
40.39	15
40.4	16
40.41	19
40.42	16
40.43	14
40.44	19
40.45	19
40.46	15
40.47	17
40.48	14
40.49	16
40.5	18
40.51	16
40.52	14
40.53	17
40.54	16
40.55	19
40.56	18
40.57	15
40.58	17
40.59	19
40.6	17
40.61	18
40.62	17
40.63	17
40.64	16
40.65	17
40.66	17
40.67	17
40.68	14
40.69	20
40.7	18
40.71	17
40.72	15
40.73	16
40.74	18
40.75	15
40.76	16
40.77	16
40.78	16
40.79	18
40.8	16
40.81	15
40.82	16
40.83	18
40.84	16
40.85	14
40.86	14
40.87	16
40.88	19
40.89	15
40.9	16
40.91	16
40.92	14
40.93	18
40.94	19
40.95	16
40.96	17
40.97	15
40.98	19
40.99	15
41	15
41.01	15
41.02	18
41.03	19
41.04	18
41.05	16
41.06	17
41.07	15
41.08	15
41.09	20
41.1	17
41.11	15
41.12	20
41.13	17
41.14	18
41.15	15
41.16	18
41.17	17
41.18	18
41.19	19
41.2	17
41.21	14
41.22	15
41.23	19
41.24	17
41.25	17
41.26	16
41.27	17
41.28	17
41.29	20
41.3	20
41.31	17
41.32	17
41.33	18
41.34	17
41.35	17
41.36	16
41.37	19
41.38	16
41.39	15
41.4	16
41.41	17
41.42	16
41.43	18
41.44	16
41.45	19
41.46	19
41.47	17
41.48	16
41.49	17
41.5	15
41.51	18
41.52	17
41.53	16
41.54	17
41.55	18
41.56	18
41.57	20
41.58	18
41.59	18
41.6	20
41.61	15
41.62	17
41.63	16
41.64	15
41.65	17
41.66	17
41.67	17
41.68	20
41.69	18
41.7	18
41.71	17
41.72	14
41.73	18
41.74	14
41.75	18
41.76	15
41.77	15
41.78	15
41.79	21
41.8	16
41.81	16
41.82	17
41.83	19
41.84	17
41.85	16
41.86	15
41.87	15
41.88	18
41.89	15
41.9	18
41.91	16
41.92	17
41.93	18
41.94	17
41.95	16
41.96	15
41.97	18
41.98	18
41.99	15
42	17
42.01	16
42.02	18
42.03	21
42.04	18
42.05	16
42.06	16
42.07	18
42.08	16
42.09	18
42.1	16
42.11	15
42.12	16
42.13	17
42.14	16
42.15	17
42.16	17
42.17	18
42.18	18
42.19	18
42.2	14
42.21	16
42.22	15
42.23	17
42.24	18
42.25	16
42.26	16
42.27	18
42.28	17
42.29	19
42.3	17
42.31	17
42.32	16
42.33	18
42.34	16
42.35	19
42.36	17
42.37	16
42.38	19
42.39	17
42.4	17
42.41	15
42.42	18
42.43	18
42.44	18
42.45	15
42.46	17
42.47	19
42.48	16
42.49	17
42.5	15
42.51	15
42.52	15
42.53	21
42.54	17
42.55	18
42.56	16
42.57	20
42.58	17
42.59	20
42.6	16
42.61	19
42.62	20
42.63	15
42.64	15
42.65	16
42.66	16
42.67	14
42.68	15
42.69	18
42.7	16
42.71	16
42.72	16
42.73	16
42.74	17
42.75	20
42.76	19
42.77	17
42.78	17
42.79	20
42.8	19
42.81	18
42.82	19
42.83	20
42.84	18
42.85	17
42.86	16
42.87	15
42.88	15
42.89	20
42.9	19
42.91	16
42.92	17
42.93	18
42.94	17
42.95	17
42.96	18
42.97	16
42.98	15
42.99	19
43	16
43.01	19
43.02	16
43.03	17
43.04	17
43.05	16
43.06	14
43.07	15
43.08	15
43.09	17
43.1	19
43.11	18
43.12	16
43.13	16
43.14	18
43.15	17
43.16	18
43.17	15
43.18	20
43.19	17
43.2	15
43.21	18
43.22	17
43.23	16
43.24	17
43.25	15
43.26	15
43.27	18
43.28	19
43.29	18
43.3	17
43.31	20
43.32	19
43.33	15
43.34	17
43.35	16
43.36	18
43.37	21
43.38	17
43.39	16
43.4	17
43.41	17
43.42	18
43.43	17
43.44	17
43.45	16
43.46	17
43.47	17
43.48	15
43.49	16
43.5	17
43.51	17
43.52	18
43.53	20
43.54	20
43.55	17
43.56	18
43.57	17
43.58	17
43.59	18
43.6	17
43.61	17
43.62	15
43.63	18
43.64	18
43.65	17
43.66	19
43.67	19
43.68	16
43.69	16
43.7	16
43.71	16
43.72	18
43.73	17
43.74	18
43.75	19
43.76	16
43.77	17
43.78	17
43.79	19
43.8	19
43.81	18
43.82	19
43.83	18
43.84	17
43.85	17
43.86	18
43.87	16
43.88	16
43.89	16
43.9	18
43.91	17
43.92	17
43.93	19
43.94	16
43.95	17
43.96	16
43.97	14
43.98	18
43.99	18
44	17
44.01	19
44.02	18
44.03	18
44.04	18
44.05	19
44.06	19
44.07	15
44.08	15
44.09	16
44.1	18
44.11	15
44.12	19
44.13	17
44.14	18
44.15	20
44.16	18
44.17	17
44.18	18
44.19	18
44.2	18
44.21	19
44.22	18
44.23	16
44.24	18
44.25	19
44.26	20
44.27	20
44.28	19
44.29	17
44.3	17
44.31	19
44.32	19
44.33	19
44.34	20
44.35	19
44.36	17
44.37	16
44.38	17
44.39	17
44.4	17
44.41	17
44.42	18
44.43	18
44.44	18
44.45	17
44.46	18
44.47	17
44.48	20
44.49	18
44.5	16
44.51	16
44.52	17
44.53	18
44.54	17
44.55	18
44.56	18
44.57	16
44.58	19
44.59	18
44.6	19
44.61	19
44.62	19
44.63	16
44.64	20
44.65	18
44.66	18
44.67	20
44.68	15
44.69	19
44.7	17
44.71	19
44.72	18
44.73	17
44.74	18
44.75	18
44.76	19
44.77	16
44.78	17
44.79	21
44.8	17
44.81	19
44.82	19
44.83	19
44.84	20
44.85	18
44.86	18
44.87	18
44.88	16
44.89	18
44.9	16
44.91	16
44.92	19
44.93	19
44.94	17
44.95	17
44.96	14
44.97	16
44.98	17
44.99	18
45	18
45.01	16
45.02	17
45.03	17
45.04	18
45.05	17
45.06	16
45.07	18
45.08	18
45.09	19
45.1	17
45.11	18
45.12	18
45.13	20
45.14	17
45.15	16
45.16	19
45.17	17
45.18	18
45.19	19
45.2	18
45.21	17
45.22	16
45.23	20
45.24	16
45.25	17
45.26	18
45.27	19
45.28	17
45.29	19
45.3	16
45.31	17
45.32	19
45.33	19
45.34	16
45.35	15
45.36	15
45.37	18
45.38	18
45.39	18
45.4	18
45.41	18
45.42	18
45.43	18
45.44	17
45.45	19
45.46	14
45.47	15
45.48	17
45.49	20
45.5	18
45.51	18
45.52	17
45.53	17
45.54	18
45.55	21
45.56	16
45.57	21
45.58	18
45.59	19
45.6	18
45.61	16
45.62	19
45.63	15
45.64	17
45.65	17
45.66	19
45.67	16
45.68	17
45.69	18
45.7	16
45.71	18
45.72	18
45.73	17
45.74	17
45.75	15
45.76	17
45.77	17
45.78	17
45.79	19
45.8	16
45.81	19
45.82	16
45.83	18
45.84	18
45.85	20
45.86	21
45.87	19
45.88	19
45.89	16
45.9	20
45.91	16
45.92	18
45.93	18
45.94	20
45.95	20
45.96	18
45.97	20
45.98	16
45.99	17
46	21
46.01	17
46.02	15
46.03	17
46.04	19
46.05	19
46.06	17
46.07	19
46.08	16
46.09	17
46.1	17
46.11	18
46.12	17
46.13	19
46.14	17
46.15	18
46.16	17
46.17	18
46.18	17
46.19	18
46.2	19
46.21	15
46.22	18
46.23	19
46.24	19
46.25	18
46.26	18
46.27	16
46.28	16
46.29	17
46.3	19
46.31	15
46.32	21
46.33	16
46.34	17
46.35	16
46.36	15
46.37	18
46.38	16
46.39	17
46.4	17
46.41	17
46.42	18
46.43	19
46.44	19
46.45	21
46.46	16
46.47	18
46.48	19
46.49	17
46.5	18
46.51	19
46.52	19
46.53	20
46.54	18
46.55	20
46.56	19
46.57	19
46.58	17
46.59	20
46.6	17
46.61	15
46.62	19
46.63	18
46.64	18
46.65	18
46.66	20
46.67	18
46.68	18
46.69	19
46.7	16
46.71	15
46.72	18
46.73	20
46.74	17
46.75	17
46.76	17
46.77	23
46.78	20
46.79	20
46.8	15
46.81	17
46.82	19
46.83	19
46.84	18
46.85	19
46.86	17
46.87	17
46.88	17
46.89	18
46.9	17
46.91	17
46.92	19
46.93	18
46.94	18
46.95	17
46.96	16
46.97	17
46.98	17
46.99	17
47	19
47.01	18
47.02	19
47.03	16
47.04	19
47.05	18
47.06	19
47.07	19
47.08	20
47.09	16
47.1	18
47.11	18
47.12	20
47.13	18
47.14	20
47.15	19
47.16	17
47.17	17
47.18	16
47.19	18
47.2	19
47.21	17
47.22	18
47.23	17
47.24	18
47.25	18
47.26	16
47.27	17
47.28	17
47.29	15
47.3	14
47.31	18
47.32	17
47.33	17
47.34	20
47.35	19
47.36	20
47.37	17
47.38	15
47.39	15
47.4	18
47.41	16
47.42	19
47.43	18
47.44	19
47.45	16
47.46	17
47.47	18
47.48	21
47.49	18
47.5	16
47.51	16
47.52	16
47.53	17
47.54	16
47.55	18
47.56	16
47.57	16
47.58	19
47.59	19
47.6	16
47.61	18
47.62	19
47.63	16
47.64	18
47.65	17
47.66	18
47.67	19
47.68	18
47.69	18
47.7	20
47.71	19
47.72	17
47.73	18
47.74	17
47.75	15
47.76	17
47.77	20
47.78	20
47.79	18
47.8	18
47.81	18
47.82	17
47.83	17
47.84	16
47.85	18
47.86	15
47.87	19
47.88	19
47.89	16
47.9	16
47.91	18
47.92	18
47.93	19
47.94	18
47.95	19
47.96	16
47.97	17
47.98	17
47.99	17
48	17
48.01	19
48.02	17
48.03	16
48.04	16
48.05	18
48.06	17
48.07	19
48.08	16
48.09	20
48.1	17
48.11	17
48.12	16
48.13	15
48.14	19
48.15	18
48.16	16
48.17	18
48.18	16
48.19	15
48.2	18
48.21	19
48.22	15
48.23	16
48.24	18
48.25	18
48.26	17
48.27	19
48.28	17
48.29	18
48.3	18
48.31	16
48.32	18
48.33	16
48.34	20
48.35	18
48.36	17
48.37	18
48.38	18
48.39	19
48.4	20
48.41	18
48.42	17
48.43	17
48.44	16
48.45	16
48.46	19
48.47	17
48.48	18
48.49	15
48.5	16
48.51	17
48.52	18
48.53	17
48.54	16
48.55	17
48.56	16
48.57	17
48.58	16
48.59	19
48.6	17
48.61	19
48.62	16
48.63	15
48.64	17
48.65	18
48.66	18
48.67	17
48.68	16
48.69	17
48.7	19
48.71	17
48.72	15
48.73	20
48.74	17
48.75	18
48.76	17
48.77	18
48.78	16
48.79	18
48.8	19
48.81	18
48.82	16
48.83	19
48.84	18
48.85	16
48.86	15
48.87	21
48.88	17
48.89	16
48.9	19
48.91	17
48.92	17
48.93	15
48.94	16
48.95	17
48.96	17
48.97	21
48.98	18
48.99	14
49	19
49.01	17
49.02	18
49.03	18
49.04	18
49.05	17
49.06	20
49.07	17
49.08	17
49.09	18
49.1	18
49.11	18
49.12	18
49.13	16
49.14	17
49.15	19
49.16	19
49.17	20
49.18	21
49.19	16
49.2	17
49.21	16
49.22	16
49.23	18
49.24	19
49.25	18
49.26	18
49.27	17
49.28	17
49.29	16
49.3	16
49.31	19
49.32	17
49.33	17
49.34	16
49.35	17
49.36	15
49.37	14
49.38	17
49.39	16
49.4	18
49.41	18
49.42	18
49.43	17
49.44	16
49.45	19
49.46	17
49.47	18
49.48	16
49.49	18
49.5	15
49.51	17
49.52	18
49.53	16
49.54	18
49.55	18
49.56	19
49.57	19
49.58	16
49.59	14
49.6	18
49.61	18
49.62	15
49.63	17
49.64	17
49.65	17
49.66	20
49.67	18
49.68	18
49.69	17
49.7	15
49.71	17
49.72	19
49.73	19
49.74	16
49.75	20
49.76	18
49.77	19
49.78	20
49.79	16
49.8	18
49.81	16
49.82	17
49.83	14
49.84	17
49.85	18
49.86	17
49.87	20
49.88	16
49.89	16
49.9	20
49.91	19
49.92	17
49.93	20
49.94	16
49.95	21
49.96	19
49.97	18
49.98	19
49.99	18
50	15
50.01	18
50.02	17
50.03	14
50.04	17
50.05	17
50.06	16
50.07	19
50.08	18
50.09	18
50.1	18
50.11	19
50.12	19
50.13	19
50.14	20
50.15	16
50.16	21
50.17	19
50.18	18
50.19	16
50.2	18
50.21	18
50.22	19
50.23	20
50.24	16
50.25	19
50.26	19
50.27	18
50.28	16
50.29	15
50.3	21
50.31	18
50.32	18
50.33	20
50.34	18
50.35	16
50.36	17
50.37	18
50.38	18
50.39	18
50.4	19
50.41	18
50.42	18
50.43	16
50.44	19
50.45	18
50.46	18
50.47	18
50.48	17
50.49	18
50.5	16
50.51	17
50.52	19
50.53	19
50.54	20
50.55	20
50.56	18
50.57	18
50.58	15
50.59	14
50.6	18
50.61	17
50.62	21
50.63	18
50.64	17
50.65	17
50.66	19
50.67	18
50.68	18
50.69	17
50.7	19
50.71	17
50.72	17
50.73	18
50.74	17
50.75	18
50.76	16
50.77	16
50.78	16
50.79	18
50.8	16
50.81	18
50.82	17
50.83	17
50.84	19
50.85	19
50.86	16
50.87	18
50.88	16
50.89	18
50.9	16
50.91	19
50.92	21
50.93	18
50.94	17
50.95	17
50.96	16
50.97	18
50.98	21
50.99	18
51	18
51.01	19
51.02	18
51.03	17
51.04	15
51.05	16
51.06	17
51.07	19
51.08	17
51.09	16
51.1	17
51.11	16
51.12	19
51.13	17
51.14	17
51.15	15
51.16	20
51.17	17
51.18	17
51.19	19
51.2	20
51.21	17
51.22	14
51.23	18
51.24	17
51.25	18
51.26	17
51.27	16
51.28	18
51.29	20
51.3	18
51.31	17
51.32	18
51.33	16
51.34	17
51.35	17
51.36	15
51.37	20
51.38	17
51.39	17
51.4	17
51.41	18
51.42	16
51.43	18
51.44	17
51.45	21
51.46	18
51.47	18
51.48	17
51.49	15
51.5	18
51.51	17
51.52	15
51.53	16
51.54	19
51.55	17
51.56	15
51.57	17
51.58	19
51.59	18
51.6	19
51.61	19
51.62	15
51.63	19
51.64	18
51.65	19
51.66	18
51.67	16
51.68	18
51.69	18
51.7	16
51.71	18
51.72	18
51.73	20
51.74	19
51.75	18
51.76	16
51.77	17
51.78	18
51.79	16
51.8	16
51.81	18
51.82	17
51.83	19
51.84	19
51.85	20
51.86	18
51.87	14
51.88	16
51.89	16
51.9	16
51.91	18
51.92	18
51.93	19
51.94	19
51.95	18
51.96	17
51.97	20
51.98	18
51.99	17
52	19
52.01	17
52.02	16
52.03	19
52.04	17
52.05	17
52.06	18
52.07	18
52.08	17
52.09	17
52.1	18
52.11	16
52.12	20
52.13	17
52.14	18
52.15	17
52.16	21
52.17	20
52.18	14
52.19	19
52.2	18
52.21	19
52.22	18
52.23	14
52.24	17
52.25	19
52.26	18
52.27	18
52.28	18
52.29	19
52.3	18
52.31	16
52.32	19
52.33	16
52.34	16
52.35	14
52.36	16
52.37	19
52.38	16
52.39	19
52.4	18
52.41	14
52.42	17
52.43	18
52.44	17
52.45	19
52.46	17
52.47	17
52.48	17
52.49	18
52.5	18
52.51	18
52.52	17
52.53	15
52.54	18
52.55	19
52.56	18
52.57	19
52.58	19
52.59	17
52.6	18
52.61	15
52.62	15
52.63	18
52.64	18
52.65	16
52.66	15
52.67	16
52.68	18
52.69	15
52.7	19
52.71	16
52.72	17
52.73	14
52.74	16
52.75	20
52.76	20
52.77	18
52.78	18
52.79	17
52.8	17
52.81	17
52.82	18
52.83	16
52.84	14
52.85	18
52.86	15
52.87	17
52.88	16
52.89	15
52.9	17
52.91	20
52.92	16
52.93	16
52.94	18
52.95	17
52.96	16
52.97	16
52.98	17
52.99	17
53	19
53.01	16
53.02	17
53.03	18
53.04	19
53.05	18
53.06	17
53.07	16
53.08	18
53.09	16
53.1	17
53.11	18
53.12	19
53.13	20
53.14	17
53.15	16
53.16	18
53.17	17
53.18	18
53.19	18
53.2	18
53.21	16
53.22	15
53.23	18
53.24	14
53.25	18
53.26	19
53.27	17
53.28	17
53.29	16
53.3	17
53.31	18
53.32	19
53.33	18
53.34	15
53.35	16
53.36	18
53.37	20
53.38	18
53.39	17
53.4	20
53.41	18
53.42	18
53.43	17
53.44	19
53.45	18
53.46	18
53.47	17
53.48	21
53.49	16
53.5	18
53.51	16
53.52	16
53.53	19
53.54	18
53.55	20
53.56	16
53.57	19
53.58	16
53.59	18
53.6	15
53.61	17
53.62	19
53.63	16
53.64	15
53.65	18
53.66	18
53.67	16
53.68	17
53.69	17
53.7	15
53.71	18
53.72	15
53.73	16
53.74	17
53.75	17
53.76	16
53.77	18
53.78	16
53.79	19
53.8	16
53.81	18
53.82	17
53.83	18
53.84	18
53.85	20
53.86	16
53.87	18
53.88	16
53.89	15
53.9	18
53.91	17
53.92	20
53.93	19
53.94	18
53.95	16
53.96	16
53.97	18
53.98	18
53.99	17
54	18
54.01	15
54.02	14
54.03	19
54.04	16
54.05	16
54.06	19
54.07	15
54.08	19
54.09	17
54.1	17
54.11	17
54.12	18
54.13	16
54.14	18
54.15	17
54.16	16
54.17	18
54.18	18
54.19	16
54.2	17
54.21	15
54.22	21
54.23	17
54.24	17
54.25	19
54.26	19
54.27	19
54.28	18
54.29	17
54.3	16
54.31	15
54.32	18
54.33	15
54.34	16
54.35	17
54.36	15
54.37	19
54.38	18
54.39	19
54.4	18
54.41	21
54.42	19
54.43	18
54.44	17
54.45	17
54.46	18
54.47	17
54.48	18
54.49	19
54.5	18
54.51	18
54.52	19
54.53	17
54.54	18
54.55	16
54.56	18
54.57	19
54.58	16
54.59	18
54.6	18
54.61	15
54.62	17
54.63	18
54.64	17
54.65	18
54.66	17
54.67	21
54.68	16
54.69	19
54.7	15
54.71	18
54.72	17
54.73	16
54.74	16
54.75	18
54.76	17
54.77	18
54.78	16
54.79	17
54.8	17
54.81	19
54.82	18
54.83	18
54.84	16
54.85	18
54.86	20
54.87	14
54.88	18
54.89	13
54.9	16
54.91	20
54.92	18
54.93	17
54.94	16
54.95	19
54.96	15
54.97	19
54.98	16
54.99	18
55	17
55.01	17
55.02	18
55.03	18
55.04	17
55.05	17
55.06	17
55.07	17
55.08	15
55.09	19
55.1	18
55.11	16
55.12	17
55.13	17
55.14	14
55.15	18
55.16	18
55.17	15
55.18	16
55.19	17
55.2	16
55.21	17
55.22	18
55.23	16
55.24	19
55.25	19
55.26	19
55.27	16
55.28	18
55.29	15
55.3	20
55.31	16
55.32	17
55.33	17
55.34	18
55.35	19
55.36	18
55.37	17
55.38	15
55.39	17
55.4	18
55.41	16
55.42	19
55.43	19
55.44	16
55.45	17
55.46	19
55.47	19
55.48	15
55.49	18
55.5	17
55.51	15
55.52	16
55.53	17
55.54	18
55.55	17
55.56	17
55.57	17
55.58	17
55.59	15
55.6	17
55.61	21
55.62	17
55.63	15
55.64	18
55.65	19
55.66	18
55.67	17
55.68	18
55.69	18
55.7	17
55.71	17
55.72	16
55.73	19
55.74	17
55.75	18
55.76	17
55.77	13
55.78	18
55.79	18
55.8	18
55.81	16
55.82	16
55.83	17
55.84	18
55.85	19
55.86	17
55.87	16
55.88	18
55.89	16
55.9	16
55.91	21
55.92	18
55.93	19
55.94	16
55.95	17
55.96	18
55.97	15
55.98	17
55.99	18
56	19
56.01	16
56.02	16
56.03	18
56.04	17
56.05	18
56.06	20
56.07	17
56.08	19
56.09	18
56.1	16
56.11	16
56.12	17
56.13	18
56.14	17
56.15	15
56.16	18
56.17	20
56.18	17
56.19	18
56.2	18
56.21	16
56.22	20
56.23	18
56.24	16
56.25	18
56.26	18
56.27	17
56.28	17
56.29	17
56.3	18
56.31	17
56.32	19
56.33	19
56.34	17
56.35	17
56.36	17
56.37	19
56.38	17
56.39	17
56.4	17
56.41	17
56.42	19
56.43	16
56.44	20
56.45	18
56.46	18
56.47	16
56.48	20
56.49	18
56.5	19
56.51	19
56.52	18
56.53	17
56.54	17
56.55	18
56.56	19
56.57	16
56.58	18
56.59	16
56.6	17
56.61	16
56.62	18
56.63	18
56.64	18
56.65	19
56.66	20
56.67	17
56.68	22
56.69	17
56.7	16
56.71	17
56.72	17
56.73	17
56.74	17
56.75	18
56.76	19
56.77	18
56.78	19
56.79	17
56.8	18
56.81	18
56.82	16
56.83	17
56.84	18
56.85	18
56.86	20
56.87	20
56.88	19
56.89	19
56.9	15
56.91	18
56.92	17
56.93	18
56.94	20
56.95	18
56.96	20
56.97	17
56.98	17
56.99	17
57	19
57.01	18
57.02	19
57.03	19
57.04	18
57.05	16
57.06	17
57.07	16
57.08	18
57.09	21
57.1	18
57.11	19
57.12	18
57.13	16
57.14	18
57.15	17
57.16	18
57.17	20
57.18	16
57.19	17
57.2	18
57.21	16
57.22	15
57.23	19
57.24	18
57.25	18
57.26	20
57.27	16
57.28	19
57.29	17
57.3	18
57.31	17
57.32	20
57.33	17
57.34	18
57.35	18
57.36	19
57.37	18
57.38	17
57.39	16
57.4	18
57.41	15
57.42	18
57.43	20
57.44	16
57.45	18
57.46	19
57.47	19
57.48	17
57.49	16
57.5	19
57.51	17
57.52	18
57.53	18
57.54	16
57.55	16
57.56	19
57.57	17
57.58	20
57.59	18
57.6	17
57.61	18
57.62	19
57.63	15
57.64	19
57.65	17
57.66	20
57.67	17
57.68	19
57.69	20
57.7	16
57.71	19
57.72	16
57.73	16
57.74	18
57.75	19
57.76	19
57.77	18
57.78	18
57.79	16
57.8	16
57.81	19
57.82	18
57.83	16
57.84	16
57.85	15
57.86	18
57.87	18
57.88	18
57.89	16
57.9	20
57.91	17
57.92	18
57.93	16
57.94	18
57.95	18
57.96	19
57.97	19
57.98	17
57.99	18
58	18
58.01	17
58.02	16
58.03	18
58.04	20
58.05	19
58.06	19
58.07	18
58.08	19
58.09	16
58.1	18
58.11	18
58.12	19
58.13	19
58.14	18
58.15	19
58.16	18
58.17	18
58.18	17
58.19	21
58.2	17
58.21	19
58.22	19
58.23	20
58.24	17
58.25	18
58.26	17
58.27	14
58.28	18
58.29	18
58.3	18
58.31	17
58.32	16
58.33	18
58.34	18
58.35	18
58.36	19
58.37	17
58.38	15
58.39	16
58.4	16
58.41	19
58.42	18
58.43	19
58.44	19
58.45	19
58.46	15
58.47	16
58.48	16
58.49	17
58.5	17
58.51	18
58.52	17
58.53	19
58.54	18
58.55	16
58.56	18
58.57	15
58.58	16
58.59	18
58.6	16
58.61	19
58.62	20
58.63	18
58.64	17
58.65	18
58.66	18
58.67	15
58.68	16
58.69	16
58.7	20
58.71	18
58.72	20
58.73	16
58.74	21
58.75	19
58.76	17
58.77	18
58.78	17
58.79	17
58.8	19
58.81	19
58.82	18
58.83	18
58.84	17
58.85	19
58.86	16
58.87	19
58.88	16
58.89	18
58.9	18
58.91	18
58.92	19
58.93	16
58.94	17
58.95	16
58.96	18
58.97	18
58.98	18
58.99	18
59	17
59.01	20
59.02	18
59.03	17
59.04	16
59.05	18
59.06	18
59.07	18
59.08	18
59.09	19
59.1	19
59.11	18
59.12	16
59.13	17
59.14	18
59.15	17
59.16	18
59.17	20
59.18	16
59.19	16
59.2	18
59.21	15
59.22	19
59.23	17
59.24	18
59.25	15
59.26	18
59.27	16
59.28	18
59.29	16
59.3	16
59.31	18
59.32	17
59.33	16
59.34	19
59.35	16
59.36	16
59.37	19
59.38	14
59.39	17
59.4	21
59.41	16
59.42	19
59.43	15
59.44	18
59.45	16
59.46	18
59.47	18
59.48	17
59.49	17
59.5	17
59.51	16
59.52	16
59.53	18
59.54	19
59.55	18
59.56	17
59.57	16
59.58	18
59.59	20
59.6	17
59.61	20
59.62	18
59.63	17
59.64	19
59.65	17
59.66	15
59.67	18
59.68	19
59.69	20
59.7	15
59.71	18
59.72	18
59.73	18
59.74	20
59.75	20
59.76	19
59.77	20
59.78	16
59.79	19
59.8	17
59.81	18
59.82	20
59.83	18
59.84	16
59.85	19
59.86	17
59.87	17
59.88	19
59.89	16
59.9	17
59.91	20
59.92	17
59.93	17
59.94	16
59.95	16
59.96	18
59.97	16
59.98	20
59.99	17
60	19
60.01	20
60.02	16
60.03	18
60.04	18
60.05	20
60.06	15
60.07	18
60.08	17
60.09	21
60.1	19
60.11	19
60.12	16
60.13	19
60.14	16
60.15	16
60.16	16
60.17	16
60.18	17
60.19	17
60.2	19
60.21	15
60.22	20
60.23	18
60.24	16
60.25	15
60.26	17
60.27	20
60.28	18
60.29	20
60.3	16
60.31	18
60.32	19
60.33	18
60.34	15
60.35	16
60.36	17
60.37	16
60.38	15
60.39	17
60.4	17
60.41	19
60.42	17
60.43	19
60.44	18
60.45	18
60.46	17
60.47	19
60.48	17
60.49	17
60.5	17
60.51	16
60.52	21
60.53	15
60.54	17
60.55	18
60.56	19
60.57	15
60.58	19
60.59	19
60.6	18
60.61	19
60.62	16
60.63	18
60.64	18
60.65	18
60.66	17
60.67	19
60.68	19
60.69	16
60.7	16
60.71	17
60.72	17
60.73	17
60.74	16
60.75	19
60.76	15
60.77	17
60.78	15
60.79	18
60.8	15
60.81	16
60.82	17
60.83	16
60.84	17
60.85	15
60.86	15
60.87	16
60.88	17
60.89	17
60.9	18
60.91	18
60.92	15
60.93	18
60.94	17
60.95	16
60.96	19
60.97	19
60.98	15
60.99	16
61	19
61.01	19
61.02	20
61.03	19
61.04	20
61.05	17
61.06	17
61.07	19
61.08	18
61.09	18
61.1	19
61.11	18
61.12	19
61.13	17
61.14	19
61.15	18
61.16	18
61.17	17
61.18	16
61.19	16
61.2	18
61.21	19
61.22	18
61.23	19
61.24	20
61.25	18
61.26	18
61.27	20
61.28	17
61.29	18
61.3	16
61.31	20
61.32	19
61.33	19
61.34	16
61.35	18
61.36	17
61.37	17
61.38	18
61.39	16
61.4	15
61.41	20
61.42	18
61.43	17
61.44	18
61.45	17
61.46	15
61.47	20
61.48	17
61.49	17
61.5	18
61.51	20
61.52	18
61.53	17
61.54	16
61.55	18
61.56	18
61.57	17
61.58	17
61.59	19
61.6	18
61.61	18
61.62	17
61.63	17
61.64	16
61.65	19
61.66	19
61.67	18
61.68	17
61.69	19
61.7	17
61.71	18
61.72	17
61.73	20
61.74	18
61.75	17
61.76	16
61.77	16
61.78	19
61.79	20
61.8	19
61.81	17
61.82	17
61.83	17
61.84	17
61.85	16
61.86	17
61.87	19
61.88	17
61.89	15
61.9	17
61.91	19
61.92	17
61.93	18
61.94	16
61.95	18
61.96	14
61.97	17
61.98	19
61.99	17
62	17
62.01	19
62.02	14
62.03	20
62.04	17
62.05	17
62.06	18
62.07	18
62.08	19
62.09	18
62.1	18
62.11	18
62.12	18
62.13	17
62.14	17
62.15	18
62.16	21
62.17	18
62.18	17
62.19	18
62.2	18
62.21	18
62.22	18
62.23	20
62.24	17
62.25	19
62.26	18
62.27	17
62.28	18
62.29	16
62.3	16
62.31	18
62.32	19
62.33	17
62.34	17
62.35	18
62.36	16
62.37	18
62.38	19
62.39	15
62.4	14
62.41	19
62.42	18
62.43	17
62.44	16
62.45	18
62.46	15
62.47	20
62.48	16
62.49	16
62.5	15
62.51	17
62.52	18
62.53	17
62.54	18
62.55	20
62.56	16
62.57	16
62.58	15
62.59	17
62.6	19
62.61	15
62.62	16
62.63	17
62.64	18
62.65	19
62.66	18
62.67	18
62.68	16
62.69	18
62.7	20
62.71	15
62.72	18
62.73	14
62.74	16
62.75	18
62.76	18
62.77	17
62.78	18
62.79	16
62.8	15
62.81	18
62.82	18
62.83	20
62.84	18
62.85	16
62.86	18
62.87	17
62.88	19
62.89	17
62.9	19
62.91	18
62.92	17
62.93	17
62.94	19
62.95	16
62.96	18
62.97	18
62.98	16
62.99	18
63	16
63.01	18
63.02	19
63.03	17
63.04	14
63.05	18
63.06	17
63.07	17
63.08	17
63.09	20
63.1	17
63.11	17
63.12	18
63.13	17
63.14	19
63.15	16
63.16	18
63.17	20
63.18	18
63.19	18
63.2	18
63.21	15
63.22	18
63.23	17
63.24	16
63.25	17
63.26	15
63.27	15
63.28	15
63.29	15
63.3	17
63.31	17
63.32	18
63.33	15
63.34	16
63.35	20
63.36	18
63.37	19
63.38	16
63.39	16
63.4	17
63.41	18
63.42	16
63.43	20
63.44	19
63.45	17
63.46	20
63.47	18
63.48	18
63.49	17
63.5	17
63.51	17
63.52	17
63.53	16
63.54	18
63.55	17
63.56	18
63.57	16
63.58	17
63.59	18
63.6	20
63.61	16
63.62	17
63.63	21
63.64	17
63.65	16
63.66	18
63.67	18
63.68	20
63.69	17
63.7	18
63.71	16
63.72	20
63.73	15
63.74	17
63.75	16
63.76	16
63.77	15
63.78	18
63.79	18
63.8	17
63.81	18
63.82	17
63.83	18
63.84	17
63.85	15
63.86	17
63.87	19
63.88	18
63.89	21
63.9	18
63.91	18
63.92	20
63.93	19
63.94	17
63.95	19
63.96	17
63.97	17
63.98	18
63.99	19
64	20
64.01	20
64.02	16
64.03	18
64.04	18
64.05	14
64.06	19
64.07	16
64.08	16
64.09	17
64.1	19
64.11	16
64.12	16
64.13	18
64.14	19
64.15	17
64.16	17
64.17	18
64.18	17
64.19	21
64.2	17
64.21	19
64.22	16
64.23	16
64.24	20
64.25	17
64.26	21
64.27	20
64.28	17
64.29	15
64.3	18
64.31	18
64.32	17
64.33	18
64.34	16
64.35	18
64.36	18
64.37	21
64.38	19
64.39	18
64.4	19
64.41	21
64.42	16
64.43	18
64.44	20
64.45	19
64.46	16
64.47	18
64.48	18
64.49	16
64.5	18
64.51	21
64.52	18
64.53	16
64.54	17
64.55	18
64.56	16
64.57	20
64.58	18
64.59	16
64.6	17
64.61	18
64.62	17
64.63	15
64.64	21
64.65	18
64.66	18
64.67	18
64.68	18
64.69	17
64.7	18
64.71	18
64.72	17
64.73	18
64.74	17
64.75	18
64.76	16
64.77	16
64.78	20
64.79	17
64.8	16
64.81	19
64.82	17
64.83	18
64.84	14
64.85	16
64.86	16
64.87	18
64.88	18
64.89	19
64.9	16
64.91	20
64.92	17
64.93	17
64.94	16
64.95	16
64.96	18
64.97	18
64.98	17
64.99	16
65	16
65.01	20
65.02	17
65.03	17
65.04	17
65.05	17
65.06	21
65.07	17
65.08	16
65.09	19
65.1	17
65.11	16
65.12	17
65.13	15
65.14	15
65.15	18
65.16	17
65.17	17
65.18	16
65.19	17
65.2	18
65.21	17
65.22	15
65.23	18
65.24	18
65.25	17
65.26	16
65.27	20
65.28	15
65.29	18
65.3	17
65.31	19
65.32	15
65.33	17
65.34	19
65.35	16
65.36	17
65.37	20
65.38	17
65.39	19
65.4	17
65.41	17
65.42	21
65.43	20
65.44	19
65.45	18
65.46	18
65.47	17
65.48	15
65.49	17
65.5	17
65.51	15
65.52	19
65.53	17
65.54	17
65.55	18
65.56	16
65.57	17
65.58	19
65.59	18
65.6	17
65.61	18
65.62	17
65.63	16
65.64	16
65.65	16
65.66	17
65.67	18
65.68	17
65.69	20
65.7	21
65.71	17
65.72	17
65.73	18
65.74	19
65.75	18
65.76	18
65.77	17
65.78	20
65.79	21
65.8	17
65.81	21
65.82	18
65.83	17
65.84	16
65.85	14
65.86	16
65.87	18
65.88	17
65.89	19
65.9	15
65.91	19
65.92	18
65.93	16
65.94	16
65.95	20
65.96	18
65.97	17
65.98	17
65.99	17
66	15
66.01	16
66.02	17
66.03	17
66.04	17
66.05	17
66.06	15
66.07	17
66.08	17
66.09	19
66.1	15
66.11	17
66.12	17
66.13	17
66.14	17
66.15	15
66.16	18
66.17	16
66.18	18
66.19	16
66.2	18
66.21	18
66.22	19
66.23	16
66.24	17
66.25	17
66.26	18
66.27	19
66.28	19
66.29	16
66.3	19
66.31	15
66.32	20
66.33	18
66.34	18
66.35	19
66.36	17
66.37	15
66.38	18
66.39	16
66.4	21
66.41	19
66.42	16
66.43	15
66.44	15
66.45	18
66.46	18
66.47	19
66.48	16
66.49	17
66.5	17
66.51	18
66.52	20
66.53	18
66.54	16
66.55	15
66.56	16
66.57	16
66.58	18
66.59	19
66.6	18
66.61	17
66.62	17
66.63	15
66.64	18
66.65	16
66.66	20
66.67	19
66.68	17
66.69	18
66.7	16
66.71	21
66.72	18
66.73	19
66.74	17
66.75	17
66.76	16
66.77	18
66.78	16
66.79	18
66.8	16
66.81	16
66.82	19
66.83	14
66.84	17
66.85	19
66.86	16
66.87	20
66.88	16
66.89	16
66.9	16
66.91	18
66.92	18
66.93	15
66.94	18
66.95	18
66.96	17
66.97	16
66.98	17
66.99	16
67	18
67.01	19
67.02	18
67.03	16
67.04	19
67.05	16
67.06	19
67.07	17
67.08	19
67.09	16
67.1	15
67.11	18
67.12	16
67.13	19
67.14	20
67.15	19
67.16	18
67.17	16
67.18	20
67.19	17
67.2	16
67.21	16
67.22	16
67.23	19
67.24	20
67.25	18
67.26	17
67.27	19
67.28	17
67.29	14
67.3	19
67.31	17
67.32	15
67.33	17
67.34	16
67.35	18
67.36	19
67.37	18
67.38	17
67.39	19
67.4	15
67.41	18
67.42	16
67.43	20
67.44	17
67.45	19
67.46	18
67.47	17
67.48	18
67.49	15
67.5	16
67.51	15
67.52	15
67.53	17
67.54	19
67.55	19
67.56	17
67.57	18
67.58	16
67.59	18
67.6	17
67.61	17
67.62	20
67.63	18
67.64	17
67.65	15
67.66	18
67.67	15
67.68	17
67.69	16
67.7	19
67.71	18
67.72	16
67.73	16
67.74	18
67.75	17
67.76	17
67.77	18
67.78	17
67.79	18
67.8	16
67.81	18
67.82	15
67.83	16
67.84	17
67.85	17
67.86	14
67.87	18
67.88	19
67.89	19
67.9	18
67.91	18
67.92	19
67.93	17
67.94	17
67.95	15
67.96	16
67.97	19
67.98	15
67.99	17
68	20
68.01	17
68.02	18
68.03	17
68.04	17
68.05	15
68.06	18
68.07	17
68.08	17
68.09	17
68.1	18
68.11	17
68.12	16
68.13	17
68.14	18
68.15	18
68.16	17
68.17	17
68.18	17
68.19	19
68.2	18
68.21	16
68.22	19
68.23	16
68.24	17
68.25	17
68.26	18
68.27	14
68.28	19
68.29	20
68.3	17
68.31	15
68.32	17
68.33	19
68.34	17
68.35	16
68.36	16
68.37	16
68.38	17
68.39	18
68.4	18
68.41	18
68.42	15
68.43	16
68.44	20
68.45	16
68.46	18
68.47	16
68.48	16
68.49	14
68.5	18
68.51	20
68.52	15
68.53	20
68.54	17
68.55	18
68.56	17
68.57	15
68.58	19
68.59	16
68.6	19
68.61	19
68.62	15
68.63	18
68.64	20
68.65	18
68.66	16
68.67	15
68.68	17
68.69	16
68.7	17
68.71	18
68.72	17
68.73	16
68.74	19
68.75	18
68.76	19
68.77	19
68.78	16
68.79	20
68.8	20
68.81	19
68.82	19
68.83	22
68.84	17
68.85	17
68.86	18
68.87	18
68.88	19
68.89	18
68.9	18
68.91	19
68.92	17
68.93	17
68.94	16
68.95	17
68.96	18
68.97	19
68.98	18
68.99	16
69	19
69.01	19
69.02	21
69.03	19
69.04	16
69.05	16
69.06	17
69.07	16
69.08	18
69.09	17
69.1	21
69.11	18
69.12	17
69.13	18
69.14	18
69.15	18
69.16	18
69.17	20
69.18	15
69.19	18
69.2	17
69.21	18
69.22	18
69.23	19
69.24	18
69.25	19
69.26	18
69.27	18
69.28	16
69.29	16
69.3	16
69.31	20
69.32	19
69.33	17
69.34	19
69.35	18
69.36	16
69.37	18
69.38	20
69.39	18
69.4	17
69.41	18
69.42	21
69.43	17
69.44	21
69.45	17
69.46	18
69.47	16
69.48	18
69.49	18
69.5	15
69.51	18
69.52	18
69.53	15
69.54	16
69.55	16
69.56	17
69.57	16
69.58	17
69.59	20
69.6	18
69.61	16
69.62	17
69.63	19
69.64	19
69.65	15
69.66	18
69.67	20
69.68	19
69.69	19
69.7	19
69.71	18
69.72	16
69.73	20
69.74	19
69.75	16
69.76	18
69.77	18
69.78	19
69.79	16
69.8	17
69.81	18
69.82	16
69.83	19
69.84	15
69.85	19
69.86	17
69.87	17
69.88	18
69.89	20
69.9	17
69.91	18
69.92	16
69.93	19
69.94	18
69.95	16
69.96	19
69.97	18
69.98	17
69.99	17
70	20
70.01	19
70.02	20
70.03	20
70.04	18
70.05	16
70.06	22
70.07	18
70.08	16
70.09	17
70.1	19
70.11	19
70.12	18
70.13	19
70.14	18
70.15	17
70.16	20
70.17	18
70.18	19
70.19	16
70.2	17
70.21	16
70.22	18
70.23	17
70.24	18
70.25	18
70.26	14
70.27	17
70.28	17
70.29	20
70.3	17
70.31	18
70.32	22
70.33	17
70.34	16
70.35	19
70.36	17
70.37	19
70.38	17
70.39	18
70.4	17
70.41	19
70.42	16
70.43	16
70.44	17
70.45	17
70.46	17
70.47	16
70.48	20
70.49	17
70.5	17
70.51	16
70.52	16
70.53	18
70.54	18
70.55	17
70.56	17
70.57	17
70.58	16
70.59	19
70.6	19
70.61	16
70.62	17
70.63	20
70.64	18
70.65	18
70.66	18
70.67	19
70.68	19
70.69	20
70.7	22
70.71	17
70.72	19
70.73	15
70.74	22
70.75	19
70.76	17
70.77	19
70.78	20
70.79	17
70.8	17
70.81	16
70.82	18
70.83	19
70.84	19
70.85	17
70.86	18
70.87	17
70.88	16
70.89	18
70.9	21
70.91	19
70.92	20
70.93	17
70.94	18
70.95	19
70.96	16
70.97	19
70.98	19
70.99	18
71	18
71.01	16
71.02	17
71.03	17
71.04	17
71.05	16
71.06	19
71.07	18
71.08	17
71.09	17
71.1	16
71.11	18
71.12	19
71.13	20
71.14	15
71.15	18
71.16	17
71.17	18
71.18	17
71.19	16
71.2	17
71.21	18
71.22	18
71.23	16
71.24	17
71.25	17
71.26	14
71.27	17
71.28	20
71.29	17
71.3	21
71.31	15
71.32	15
71.33	17
71.34	19
71.35	19
71.36	18
71.37	17
71.38	18
71.39	18
71.4	18
71.41	17
71.42	18
71.43	18
71.44	18
71.45	18
71.46	16
71.47	15
71.48	20
71.49	19
71.5	18
71.51	17
71.52	18
71.53	17
71.54	18
71.55	19
71.56	20
71.57	18
71.58	19
71.59	18
71.6	16
71.61	17
71.62	16
71.63	17
71.64	18
71.65	18
71.66	18
71.67	18
71.68	18
71.69	16
71.7	19
71.71	18
71.72	18
71.73	19
71.74	17
71.75	18
71.76	18
71.77	17
71.78	15
71.79	17
71.8	17
71.81	21
71.82	17
71.83	17
71.84	15
71.85	21
71.86	16
71.87	16
71.88	15
71.89	15
71.9	17
71.91	17
71.92	16
71.93	16
71.94	19
71.95	18
71.96	18
71.97	19
71.98	15
71.99	18
72	17
72.01	18
72.02	19
72.03	18
72.04	15
72.05	20
72.06	16
72.07	17
72.08	16
72.09	19
72.1	18
72.11	19
72.12	17
72.13	17
72.14	16
72.15	17
72.16	19
72.17	17
72.18	19
72.19	16
72.2	18
72.21	19
72.22	16
72.23	19
72.24	17
72.25	14
72.26	19
72.27	18
72.28	18
72.29	17
72.3	17
72.31	15
72.32	19
72.33	18
72.34	18
72.35	18
72.36	17
72.37	18
72.38	17
72.39	18
72.4	17
72.41	17
72.42	18
72.43	20
72.44	18
72.45	19
72.46	18
72.47	18
72.48	16
72.49	17
72.5	17
72.51	18
72.52	18
72.53	20
72.54	21
72.55	20
72.56	19
72.57	18
72.58	15
72.59	21
72.6	19
72.61	20
72.62	16
72.63	17
72.64	16
72.65	18
72.66	16
72.67	18
72.68	18
72.69	18
72.7	18
72.71	20
72.72	19
72.73	17
72.74	16
72.75	18
72.76	19
72.77	18
72.78	21
72.79	18
72.8	18
72.81	17
72.82	15
72.83	15
72.84	17
72.85	20
72.86	15
72.87	19
72.88	18
72.89	18
72.9	17
72.91	20
72.92	18
72.93	19
72.94	17
72.95	18
72.96	18
72.97	18
72.98	17
72.99	17
73	17
73.01	16
73.02	16
73.03	17
73.04	17
73.05	18
73.06	17
73.07	18
73.08	18
73.09	18
73.1	18
73.11	18
73.12	18
73.13	17
73.14	19
73.15	17
73.16	15
73.17	18
73.18	19
73.19	18
73.2	16
73.21	20
73.22	17
73.23	16
73.24	16
73.25	18
73.26	18
73.27	18
73.28	17
73.29	18
73.3	19
73.31	18
73.32	19
73.33	19
73.34	16
73.35	20
73.36	15
73.37	17
73.38	16
73.39	15
73.4	16
73.41	19
73.42	15
73.43	16
73.44	17
73.45	19
73.46	17
73.47	16
73.48	17
73.49	20
73.5	17
73.51	17
73.52	17
73.53	16
73.54	17
73.55	18
73.56	18
73.57	21
73.58	19
73.59	15
73.6	16
73.61	15
73.62	18
73.63	18
73.64	16
73.65	15
73.66	20
73.67	16
73.68	18
73.69	18
73.7	15
73.71	19
73.72	16
73.73	15
73.74	17
73.75	17
73.76	17
73.77	19
73.78	20
73.79	17
73.8	18
73.81	19
73.82	17
73.83	19
73.84	19
73.85	15
73.86	17
73.87	19
73.88	17
73.89	16
73.9	17
73.91	17
73.92	19
73.93	17
73.94	19
73.95	20
73.96	17
73.97	19
73.98	16
73.99	20
74	19
74.01	19
74.02	19
74.03	16
74.04	19
74.05	18
74.06	17
74.07	21
74.08	18
74.09	18
74.1	17
74.11	20
74.12	18
74.13	16
74.14	16
74.15	18
74.16	15
74.17	18
74.18	17
74.19	17
74.2	16
74.21	19
74.22	15
74.23	19
74.24	18
74.25	20
74.26	17
74.27	17
74.28	18
74.29	18
74.3	20
74.31	18
74.32	15
74.33	16
74.34	16
74.35	15
74.36	20
74.37	16
74.38	17
74.39	15
74.4	16
74.41	17
74.42	17
74.43	17
74.44	17
74.45	17
74.46	16
74.47	19
74.48	16
74.49	19
74.5	18
74.51	18
74.52	18
74.53	17
74.54	18
74.55	19
74.56	18
74.57	17
74.58	17
74.59	18
74.6	20
74.61	21
74.62	18
74.63	21
74.64	21
74.65	17
74.66	18
74.67	18
74.68	17
74.69	18
74.7	18
74.71	19
74.72	18
74.73	20
74.74	17
74.75	17
74.76	18
74.77	17
74.78	18
74.79	18
74.8	16
74.81	17
74.82	17
74.83	18
74.84	19
74.85	17
74.86	19
74.87	16
74.88	15
74.89	18
74.9	15
74.91	18
74.92	18
74.93	20
74.94	16
74.95	19
74.96	15
74.97	17
74.98	20
74.99	16
75	17
75.01	18
75.02	17
75.03	20
75.04	16
75.05	17
75.06	15
75.07	18
75.08	19
75.09	18
75.1	18
75.11	16
75.12	17
75.13	16
75.14	19
75.15	17
75.16	15
75.17	18
75.18	19
75.19	19
75.2	19
75.21	17
75.22	20
75.23	16
75.24	20
75.25	17
75.26	20
75.27	20
75.28	18
75.29	17
75.3	19
75.31	15
75.32	19
75.33	17
75.34	21
75.35	15
75.36	16
75.37	17
75.38	18
75.39	16
75.4	17
75.41	17
75.42	15
75.43	17
75.44	15
75.45	17
75.46	16
75.47	18
75.48	20
75.49	19
75.5	18
75.51	16
75.52	16
75.53	19
75.54	14
75.55	17
75.56	17
75.57	16
75.58	18
75.59	19
75.6	16
75.61	19
75.62	18
75.63	18
75.64	20
75.65	15
75.66	16
75.67	18
75.68	17
75.69	15
75.7	19
75.71	20
75.72	17
75.73	18
75.74	20
75.75	19
75.76	17
75.77	19
75.78	19
75.79	17
75.8	18
75.81	20
75.82	20
75.83	15
75.84	18
75.85	19
75.86	17
75.87	17
75.88	18
75.89	20
75.9	16
75.91	17
75.92	17
75.93	19
75.94	16
75.95	16
75.96	18
75.97	17
75.98	19
75.99	18
76	17
76.01	18
76.02	19
76.03	19
76.04	19
76.05	20
76.06	19
76.07	16
76.08	17
76.09	17
76.1	18
76.11	17
76.12	16
76.13	17
76.14	18
76.15	20
76.16	16
76.17	19
76.18	18
76.19	17
76.2	16
76.21	18
76.22	18
76.23	18
76.24	20
76.25	15
76.26	19
76.27	18
76.28	17
76.29	16
76.3	17
76.31	18
76.32	19
76.33	19
76.34	16
76.35	18
76.36	18
76.37	18
76.38	15
76.39	16
76.4	19
76.41	18
76.42	19
76.43	19
76.44	18
76.45	20
76.46	17
76.47	19
76.48	17
76.49	17
76.5	18
76.51	19
76.52	17
76.53	18
76.54	16
76.55	18
76.56	19
76.57	20
76.58	17
76.59	18
76.6	17
76.61	18
76.62	17
76.63	17
76.64	16
76.65	18
76.66	17
76.67	16
76.68	19
76.69	19
76.7	17
76.71	17
76.72	15
76.73	16
76.74	18
76.75	20
76.76	16
76.77	19
76.78	16
76.79	18
76.8	17
76.81	17
76.82	18
76.83	19
76.84	18
76.85	19
76.86	14
76.87	19
76.88	16
76.89	17
76.9	18
76.91	19
76.92	19
76.93	19
76.94	15
76.95	15
76.96	18
76.97	16
76.98	19
76.99	19
77	19
77.01	17
77.02	17
77.03	17
77.04	17
77.05	18
77.06	17
77.07	17
77.08	19
77.09	18
77.1	16
77.11	18
77.12	18
77.13	18
77.14	16
77.15	17
77.16	21
77.17	20
77.18	18
77.19	18
77.2	20
77.21	17
77.22	17
77.23	17
77.24	16
77.25	15
77.26	17
77.27	15
77.28	16
77.29	15
77.3	16
77.31	18
77.32	16
77.33	17
77.34	18
77.35	14
77.36	15
77.37	16
77.38	20
77.39	19
77.4	18
77.41	19
77.42	17
77.43	16
77.44	17
77.45	18
77.46	16
77.47	18
77.48	17
77.49	17
77.5	18
77.51	20
77.52	17
77.53	19
77.54	18
77.55	17
77.56	19
77.57	17
77.58	18
77.59	20
77.6	18
77.61	17
77.62	15
77.63	17
77.64	19
77.65	16
77.66	19
77.67	16
77.68	16
77.69	16
77.7	18
77.71	18
77.72	21
77.73	18
77.74	16
77.75	17
77.76	18
77.77	17
77.78	16
77.79	18
77.8	15
77.81	14
77.82	18
77.83	17
77.84	17
77.85	18
77.86	17
77.87	19
77.88	15
77.89	19
77.9	15
77.91	17
77.92	19
77.93	17
77.94	19
77.95	17
77.96	16
77.97	18
77.98	16
77.99	19
78	19
78.01	17
78.02	19
78.03	17
78.04	18
78.05	17
78.06	17
78.07	15
78.08	19
78.09	17
78.1	17
78.11	19
78.12	18
78.13	20
78.14	16
78.15	19
78.16	17
78.17	16
78.18	17
78.19	18
78.2	18
78.21	15
78.22	20
78.23	20
78.24	19
78.25	18
78.26	19
78.27	17
78.28	18
78.29	19
78.3	17
78.31	19
78.32	19
78.33	18
78.34	18
78.35	16
78.36	17
78.37	19
78.38	18
78.39	15
78.4	17
78.41	19
78.42	15
78.43	18
78.44	18
78.45	20
78.46	14
78.47	21
78.48	19
78.49	18
78.5	16
78.51	16
78.52	18
78.53	17
78.54	16
78.55	16
78.56	18
78.57	16
78.58	15
78.59	19
78.6	17
78.61	19
78.62	17
78.63	19
78.64	20
78.65	18
78.66	22
78.67	18
78.68	18
78.69	18
78.7	16
78.71	17
78.72	17
78.73	17
78.74	18
78.75	19
78.76	15
78.77	19
78.78	15
78.79	18
78.8	18
78.81	17
78.82	19
78.83	15
78.84	17
78.85	18
78.86	18
78.87	16
78.88	15
78.89	19
78.9	15
78.91	16
78.92	19
78.93	19
78.94	16
78.95	16
78.96	20
78.97	20
78.98	17
78.99	18
79	20
79.01	16
79.02	19
79.03	15
79.04	19
79.05	18
79.06	20
79.07	17
79.08	17
79.09	17
79.1	18
79.11	20
79.12	17
79.13	16
79.14	16
79.15	16
79.16	17
79.17	16
79.18	19
79.19	19
79.2	18
79.21	18
79.22	16
79.23	16
79.24	18
79.25	19
79.26	16
79.27	16
79.28	17
79.29	19
79.3	19
79.31	20
79.32	17
79.33	19
79.34	18
79.35	16
79.36	17
79.37	18
79.38	17
79.39	17
79.4	17
79.41	19
79.42	19
79.43	18
79.44	19
79.45	17
79.46	18
79.47	18
79.48	19
79.49	17
79.5	16
79.51	16
79.52	18
79.53	16
79.54	19
79.55	20
79.56	18
79.57	17
79.58	15
79.59	17
79.6	17
79.61	17
79.62	18
79.63	18
79.64	14
79.65	18
79.66	16
79.67	18
79.68	20
79.69	19
79.7	19
79.71	17
79.72	18
79.73	19
79.74	20
79.75	18
79.76	19
79.77	17
79.78	18
79.79	16
79.8	17
79.81	17
79.82	17
79.83	15
79.84	18
79.85	20
79.86	16
79.87	16
79.88	16
79.89	17
79.9	18
79.91	18
79.92	19
79.93	18
79.94	17
79.95	17
79.96	20
79.97	17
79.98	16
79.99	17
80	19
80.01	20
80.02	15
80.03	16
80.04	19
80.05	17
80.06	17
80.07	21
80.08	16
80.09	17
80.1	18
80.11	19
80.12	15
80.13	18
80.14	19
80.15	16
80.16	18
80.17	15
80.18	16
80.19	18
80.2	15
80.21	16
80.22	16
80.23	16
80.24	18
80.25	18
80.26	18
80.27	16
80.28	16
80.29	17
80.3	17
80.31	18
80.32	18
80.33	19
80.34	19
80.35	15
80.36	14
80.37	16
80.38	18
80.39	17
80.4	17
80.41	18
80.42	18
80.43	19
80.44	19
80.45	19
80.46	19
80.47	20
80.48	19
80.49	15
80.5	18
80.51	18
80.52	17
80.53	17
80.54	18
80.55	18
80.56	16
80.57	19
80.58	17
80.59	17
80.6	19
80.61	18
80.62	16
80.63	14
80.64	18
80.65	16
80.66	15
80.67	15
80.68	15
80.69	15
80.7	17
80.71	16
80.72	18
80.73	18
80.74	19
80.75	19
80.76	17
80.77	15
80.78	18
80.79	17
80.8	19
80.81	21
80.82	19
80.83	18
80.84	19
80.85	21
80.86	20
80.87	19
80.88	14
80.89	19
80.9	18
80.91	18
80.92	15
80.93	17
80.94	15
80.95	20
80.96	20
80.97	16
80.98	20
80.99	17
81	21
81.01	17
81.02	19
81.03	15
81.04	19
81.05	18
81.06	14
81.07	17
81.08	18
81.09	17
81.1	17
81.11	19
81.12	17
81.13	16
81.14	17
81.15	18
81.16	20
81.17	17
81.18	15
81.19	18
81.2	18
81.21	18
81.22	17
81.23	19
81.24	15
81.25	17
81.26	17
81.27	16
81.28	19
81.29	18
81.3	20
81.31	17
81.32	17
81.33	17
81.34	18
81.35	17
81.36	17
81.37	18
81.38	16
81.39	17
81.4	17
81.41	18
81.42	17
81.43	20
81.44	18
81.45	15
81.46	19
81.47	18
81.48	14
81.49	19
81.5	17
81.51	19
81.52	18
81.53	20
81.54	21
81.55	18
81.56	17
81.57	16
81.58	19
81.59	17
81.6	21
81.61	18
81.62	18
81.63	19
81.64	18
81.65	20
81.66	17
81.67	17
81.68	18
81.69	17
81.7	22
81.71	17
81.72	17
81.73	14
81.74	20
81.75	20
81.76	16
81.77	19
81.78	15
81.79	17
81.8	18
81.81	16
81.82	14
81.83	18
81.84	19
81.85	18
81.86	23
81.87	18
81.88	17
81.89	15
81.9	18
81.91	15
81.92	17
81.93	18
81.94	19
81.95	19
81.96	18
81.97	18
81.98	21
81.99	17
82	20
82.01	18
82.02	17
82.03	17
82.04	15
82.05	18
82.06	18
82.07	18
82.08	17
82.09	17
82.1	17
82.11	19
82.12	16
82.13	15
82.14	16
82.15	17
82.16	15
82.17	16
82.18	16
82.19	15
82.2	16
82.21	16
82.22	17
82.23	15
82.24	19
82.25	18
82.26	18
82.27	15
82.28	16
82.29	15
82.3	18
82.31	18
82.32	16
82.33	20
82.34	16
82.35	18
82.36	14
82.37	16
82.38	16
82.39	15
82.4	21
82.41	17
82.42	17
82.43	19
82.44	17
82.45	20
82.46	16
82.47	21
82.48	19
82.49	18
82.5	18
82.51	18
82.52	17
82.53	16
82.54	16
82.55	16
82.56	20
82.57	19
82.58	18
82.59	17
82.6	19
82.61	16
82.62	18
82.63	16
82.64	15
82.65	18
82.66	20
82.67	20
82.68	18
82.69	20
82.7	19
82.71	19
82.72	19
82.73	17
82.74	18
82.75	17
82.76	20
82.77	21
82.78	20
82.79	19
82.8	16
82.81	20
82.82	18
82.83	17
82.84	17
82.85	15
82.86	19
82.87	16
82.88	18
82.89	20
82.9	18
82.91	17
82.92	20
82.93	17
82.94	16
82.95	17
82.96	21
82.97	19
82.98	20
82.99	15
83	16
83.01	19
83.02	17
83.03	18
83.04	17
83.05	19
83.06	18
83.07	19
83.08	17
83.09	18
83.1	14
83.11	19
83.12	18
83.13	18
83.14	16
83.15	19
83.16	18
83.17	18
83.18	19
83.19	16
83.2	19
83.21	16
83.22	16
83.23	19
83.24	15
83.25	17
83.26	16
83.27	17
83.28	19
83.29	21
83.3	20
83.31	17
83.32	17
83.33	18
83.34	18
83.35	20
83.36	18
83.37	18
83.38	17
83.39	19
83.4	19
83.41	18
83.42	19
83.43	15
83.44	19
83.45	18
83.46	16
83.47	18
83.48	16
83.49	16
83.5	17
83.51	17
83.52	17
83.53	17
83.54	17
83.55	18
83.56	15
83.57	18
83.58	15
83.59	17
83.6	17
83.61	15
83.62	18
83.63	18
83.64	18
83.65	16
83.66	16
83.67	17
83.68	19
83.69	15
83.7	17
83.71	18
83.72	16
83.73	18
83.74	17
83.75	14
83.76	17
83.77	18
83.78	16
83.79	17
83.8	18
83.81	17
83.82	17
83.83	15
83.84	17
83.85	21
83.86	17
83.87	19
83.88	16
83.89	17
83.9	18
83.91	18
83.92	16
83.93	16
83.94	18
83.95	17
83.96	17
83.97	18
83.98	18
83.99	15
84	19
84.01	15
84.02	15
84.03	18
84.04	17
84.05	16
84.06	18
84.07	17
84.08	16
84.09	18
84.1	17
84.11	18
84.12	19
84.13	17
84.14	18
84.15	17
84.16	18
84.17	19
84.18	17
84.19	19
84.2	17
84.21	17
84.22	18
84.23	19
84.24	19
84.25	19
84.26	16
84.27	16
84.28	16
84.29	17
84.3	17
84.31	16
84.32	19
84.33	16
84.34	18
84.35	19
84.36	16
84.37	18
84.38	20
84.39	15
84.4	19
84.41	19
84.42	18
84.43	18
84.44	21
84.45	17
84.46	18
84.47	19
84.48	18
84.49	17
84.5	19
84.51	18
84.52	16
84.53	14
84.54	19
84.55	16
84.56	15
84.57	18
84.58	16
84.59	16
84.6	15
84.61	16
84.62	18
84.63	18
84.64	18
84.65	17
84.66	18
84.67	18
84.68	20
84.69	16
84.7	19
84.71	16
84.72	20
84.73	15
84.74	16
84.75	17
84.76	15
84.77	15
84.78	17
84.79	18
84.8	17
84.81	17
84.82	19
84.83	18
84.84	20
84.85	18
84.86	18
84.87	16
84.88	18
84.89	17
84.9	18
84.91	18
84.92	19
84.93	19
84.94	15
84.95	18
84.96	17
84.97	18
84.98	16
84.99	18
85	18
85.01	18
85.02	19
85.03	18
85.04	15
85.05	16
85.06	17
85.07	18
85.08	18
85.09	18
85.1	16
85.11	18
85.12	18
85.13	19
85.14	18
85.15	15
85.16	17
85.17	20
85.18	17
85.19	17
85.2	16
85.21	18
85.22	17
85.23	17
85.24	18
85.25	19
85.26	16
85.27	21
85.28	20
85.29	18
85.3	18
85.31	20
85.32	18
85.33	20
85.34	16
85.35	16
85.36	18
85.37	19
85.38	18
85.39	18
85.4	19
85.41	19
85.42	20
85.43	19
85.44	18
85.45	19
85.46	17
85.47	17
85.48	18
85.49	15
85.5	18
85.51	18
85.52	20
85.53	19
85.54	14
85.55	16
85.56	17
85.57	17
85.58	20
85.59	17
85.6	18
85.61	16
85.62	17
85.63	17
85.64	17
85.65	18
85.66	18
85.67	18
85.68	16
85.69	17
85.7	15
85.71	18
85.72	19
85.73	18
85.74	20
85.75	17
85.76	18
85.77	18
85.78	18
85.79	17
85.8	19
85.81	17
85.82	17
85.83	15
85.84	17
85.85	19
85.86	19
85.87	21
85.88	17
85.89	14
85.9	16
85.91	19
85.92	17
85.93	19
85.94	18
85.95	17
85.96	16
85.97	17
85.98	15
85.99	19
86	16
86.01	15
86.02	21
86.03	19
86.04	17
86.05	20
86.06	18
86.07	16
86.08	17
86.09	18
86.1	16
86.11	15
86.12	21
86.13	17
86.14	16
86.15	20
86.16	18
86.17	19
86.18	18
86.19	21
86.2	16
86.21	17
86.22	17
86.23	17
86.24	20
86.25	19
86.26	17
86.27	16
86.28	17
86.29	16
86.3	16
86.31	15
86.32	17
86.33	18
86.34	17
86.35	17
86.36	17
86.37	18
86.38	19
86.39	15
86.4	16
86.41	18
86.42	19
86.43	17
86.44	19
86.45	16
86.46	18
86.47	15
86.48	20
86.49	19
86.5	21
86.51	20
86.52	20
86.53	17
86.54	18
86.55	18
86.56	17
86.57	18
86.58	19
86.59	16
86.6	18
86.61	15
86.62	16
86.63	17
86.64	16
86.65	16
86.66	18
86.67	18
86.68	14
86.69	17
86.7	16
86.71	19
86.72	18
86.73	15
86.74	15
86.75	17
86.76	20
86.77	17
86.78	16
86.79	17
86.8	16
86.81	20
86.82	18
86.83	16
86.84	18
86.85	16
86.86	17
86.87	18
86.88	17
86.89	15
86.9	17
86.91	17
86.92	15
86.93	18
86.94	21
86.95	19
86.96	16
86.97	16
86.98	16
86.99	18
87	16
87.01	17
87.02	16
87.03	17
87.04	18
87.05	15
87.06	19
87.07	19
87.08	20
87.09	18
87.1	17
87.11	18
87.12	19
87.13	18
87.14	17
87.15	19
87.16	20
87.17	16
87.18	19
87.19	19
87.2	15
87.21	17
87.22	16
87.23	16
87.24	19
87.25	19
87.26	16
87.27	20
87.28	17
87.29	17
87.3	16
87.31	15
87.32	19
87.33	19
87.34	19
87.35	18
87.36	17
87.37	15
87.38	16
87.39	20
87.4	18
87.41	19
87.42	15
87.43	17
87.44	18
87.45	15
87.46	16
87.47	16
87.48	17
87.49	17
87.5	18
87.51	17
87.52	17
87.53	20
87.54	21
87.55	18
87.56	17
87.57	17
87.58	19
87.59	16
87.6	19
87.61	19
87.62	17
87.63	15
87.64	17
87.65	19
87.66	16
87.67	15
87.68	17
87.69	15
87.7	16
87.71	19
87.72	17
87.73	19
87.74	18
87.75	17
87.76	19
87.77	17
87.78	18
87.79	17
87.8	17
87.81	18
87.82	19
87.83	16
87.84	18
87.85	17
87.86	18
87.87	20
87.88	20
87.89	18
87.9	18
87.91	17
87.92	18
87.93	17
87.94	20
87.95	18
87.96	17
87.97	16
87.98	19
87.99	18
88	17
88.01	20
88.02	16
88.03	17
88.04	18
88.05	17
88.06	18
88.07	18
88.08	20
88.09	14
88.1	19
88.11	16
88.12	20
88.13	16
88.14	18
88.15	16
88.16	17
88.17	19
88.18	16
88.19	15
88.2	18
88.21	15
88.22	18
88.23	18
88.24	19
88.25	20
88.26	18
88.27	20
88.28	16
88.29	21
88.3	16
88.31	18
88.32	16
88.33	17
88.34	17
88.35	21
88.36	16
88.37	17
88.38	18
88.39	20
88.4	17
88.41	21
88.42	17
88.43	16
88.44	18
88.45	15
88.46	16
88.47	17
88.48	19
88.49	19
88.5	16
88.51	18
88.52	16
88.53	15
88.54	19
88.55	17
88.56	18
88.57	19
88.58	21
88.59	16
88.6	18
88.61	20
88.62	16
88.63	17
88.64	18
88.65	17
88.66	19
88.67	18
88.68	20
88.69	17
88.7	20
88.71	16
88.72	20
88.73	18
88.74	18
88.75	15
88.76	18
88.77	21
88.78	18
88.79	17
88.8	21
88.81	19
88.82	17
88.83	18
88.84	17
88.85	19
88.86	18
88.87	18
88.88	18
88.89	17
88.9	18
88.91	17
88.92	15
88.93	16
88.94	19
88.95	18
88.96	19
88.97	18
88.98	19
88.99	17
89	15
89.01	20
89.02	17
89.03	17
89.04	18
89.05	20
89.06	18
89.07	20
89.08	17
89.09	16
89.1	19
89.11	19
89.12	19
89.13	20
89.14	15
89.15	17
89.16	20
89.17	18
89.18	18
89.19	21
89.2	16
89.21	15
89.22	17
89.23	19
89.24	19
89.25	19
89.26	18
89.27	16
89.28	18
89.29	16
89.3	18
89.31	15
89.32	17
89.33	18
89.34	18
89.35	16
89.36	18
89.37	18
89.38	18
89.39	18
89.4	17
89.41	19
89.42	15
89.43	16
89.44	19
89.45	17
89.46	17
89.47	16
89.48	17
89.49	15
89.5	18
89.51	17
89.52	19
89.53	17
89.54	18
89.55	19
89.56	16
89.57	18
89.58	16
89.59	16
89.6	17
89.61	18
89.62	18
89.63	18
89.64	18
89.65	19
89.66	18
89.67	18
89.68	17
89.69	16
89.7	18
89.71	17
89.72	20
89.73	18
89.74	18
89.75	17
89.76	18
89.77	18
89.78	15
89.79	18
89.8	17
89.81	16
89.82	16
89.83	16
89.84	18
89.85	16
89.86	19
89.87	16
89.88	20
89.89	17
89.9	18
89.91	19
89.92	15
89.93	18
89.94	17
89.95	18
89.96	18
89.97	17
89.98	18
89.99	17
90	16
90.01	19
90.02	19
90.03	18
90.04	16
90.05	14
90.06	16
90.07	20
90.08	16
90.09	19
90.1	15
90.11	15
90.12	19
90.13	17
90.14	18
90.15	18
90.16	16
90.17	18
90.18	21
90.19	20
90.2	19
90.21	17
90.22	17
90.23	20
90.24	19
90.25	20
90.26	17
90.27	18
90.28	16
90.29	16
90.3	15
90.31	18
90.32	17
90.33	16
90.34	14
90.35	16
90.36	17
90.37	16
90.38	17
90.39	17
90.4	17
90.41	17
90.42	19
90.43	16
90.44	19
90.45	16
90.46	15
90.47	17
90.48	17
90.49	17
90.5	16
90.51	15
90.52	18
90.53	16
90.54	16
90.55	19
90.56	18
90.57	19
90.58	17
90.59	16
90.6	15
90.61	20
90.62	18
90.63	19
90.64	19
90.65	15
90.66	18
90.67	18
90.68	15
90.69	18
90.7	19
90.71	16
90.72	17
90.73	18
90.74	20
90.75	17
90.76	17
90.77	19
90.78	18
90.79	17
90.8	16
90.81	18
90.82	18
90.83	17
90.84	19
90.85	18
90.86	15
90.87	18
90.88	19
90.89	16
90.9	16
90.91	16
90.92	15
90.93	19
90.94	16
90.95	16
90.96	18
90.97	18
90.98	18
90.99	19
91	17
91.01	18
91.02	18
91.03	20
91.04	16
91.05	18
91.06	18
91.07	16
91.08	21
91.09	16
91.1	20
91.11	18
91.12	14
91.13	18
91.14	16
91.15	16
91.16	16
91.17	16
91.18	16
91.19	20
91.2	18
91.21	20
91.22	18
91.23	16
91.24	20
91.25	19
91.26	18
91.27	16
91.28	19
91.29	17
91.3	18
91.31	18
91.32	18
91.33	15
91.34	19
91.35	19
91.36	18
91.37	17
91.38	16
91.39	18
91.4	15
91.41	17
91.42	19
91.43	20
91.44	19
91.45	17
91.46	18
91.47	18
91.48	16
91.49	20
91.5	17
91.51	19
91.52	18
91.53	19
91.54	16
91.55	15
91.56	20
91.57	18
91.58	16
91.59	19
91.6	16
91.61	16
91.62	20
91.63	19
91.64	17
91.65	17
91.66	20
91.67	19
91.68	18
91.69	15
91.7	18
91.71	17
91.72	17
91.73	17
91.74	19
91.75	20
91.76	18
91.77	17
91.78	17
91.79	20
91.8	17
91.81	21
91.82	18
91.83	17
91.84	15
91.85	15
91.86	18
91.87	18
91.88	20
91.89	19
91.9	19
91.91	19
91.92	18
91.93	19
91.94	17
91.95	17
91.96	18
91.97	19
91.98	19
91.99	17
92	18
92.01	18
92.02	19
92.03	22
92.04	18
92.05	17
92.06	19
92.07	19
92.08	18
92.09	18
92.1	18
92.11	19
92.12	20
92.13	19
92.14	19
92.15	20
92.16	19
92.17	16
92.18	19
92.19	16
92.2	21
92.21	16
92.22	19
92.23	19
92.24	16
92.25	16
92.26	20
92.27	19
92.28	19
92.29	20
92.3	15
92.31	18
92.32	17
92.33	21
92.34	18
92.35	18
92.36	19
92.37	17
92.38	19
92.39	19
92.4	18
92.41	19
92.42	18
92.43	20
92.44	19
92.45	17
92.46	17
92.47	18
92.48	16
92.49	17
92.5	17
92.51	17
92.52	16
92.53	17
92.54	15
92.55	16
92.56	17
92.57	16
92.58	19
92.59	17
92.6	17
92.61	18
92.62	18
92.63	18
92.64	16
92.65	15
92.66	18
92.67	18
92.68	18
92.69	18
92.7	17
92.71	16
92.72	19
92.73	18
92.74	18
92.75	17
92.76	19
92.77	18
92.78	18
92.79	17
92.8	18
92.81	20
92.82	17
92.83	20
92.84	16
92.85	16
92.86	17
92.87	17
92.88	15
92.89	18
92.9	18
92.91	18
92.92	16
92.93	19
92.94	17
92.95	18
92.96	19
92.97	20
92.98	19
92.99	18
93	20
93.01	16
93.02	18
93.03	20
93.04	17
93.05	15
93.06	18
93.07	18
93.08	19
93.09	16
93.1	16
93.11	20
93.12	19
93.13	17
93.14	17
93.15	16
93.16	18
93.17	18
93.18	16
93.19	17
93.2	18
93.21	17
93.22	20
93.23	17
93.24	18
93.25	18
93.26	17
93.27	17
93.28	16
93.29	15
93.3	17
93.31	15
93.32	16
93.33	18
93.34	19
93.35	15
93.36	17
93.37	19
93.38	20
93.39	17
93.4	18
93.41	16
93.42	18
93.43	18
93.44	16
93.45	17
93.46	17
93.47	18
93.48	19
93.49	14
93.5	20
93.51	18
93.52	18
93.53	17
93.54	17
93.55	20
93.56	18
93.57	18
93.58	17
93.59	18
93.6	17
93.61	19
93.62	19
93.63	18
93.64	19
93.65	19
93.66	16
93.67	17
93.68	18
93.69	19
93.7	17
93.71	19
93.72	15
93.73	17
93.74	18
93.75	18
93.76	17
93.77	17
93.78	16
93.79	15
93.8	19
93.81	17
93.82	17
93.83	17
93.84	16
93.85	16
93.86	17
93.87	15
93.88	18
93.89	17
93.9	18
93.91	19
93.92	19
93.93	20
93.94	18
93.95	19
93.96	20
93.97	17
93.98	18
93.99	18
94	18
94.01	19
94.02	16
94.03	20
94.04	16
94.05	17
94.06	17
94.07	20
94.08	18
94.09	17
94.1	19
94.11	16
94.12	16
94.13	19
94.14	19
94.15	18
94.16	18
94.17	18
94.18	18
94.19	19
94.2	16
94.21	14
94.22	18
94.23	19
94.24	17
94.25	20
94.26	18
94.27	21
94.28	18
94.29	17
94.3	20
94.31	18
94.32	17
94.33	20
94.34	19
94.35	18
94.36	16
94.37	20
94.38	15
94.39	18
94.4	21
94.41	18
94.42	20
94.43	17
94.44	19
94.45	18
94.46	17
94.47	18
94.48	20
94.49	19
94.5	16
94.51	19
94.52	14
94.53	17
94.54	17
94.55	16
94.56	19
94.57	16
94.58	18
94.59	18
94.6	19
94.61	17
94.62	17
94.63	19
94.64	16
94.65	19
94.66	19
94.67	16
94.68	17
94.69	17
94.7	17
94.71	20
94.72	18
94.73	18
94.74	19
94.75	19
94.76	20
94.77	17
94.78	17
94.79	15
94.8	15
94.81	19
94.82	19
94.83	19
94.84	20
94.85	15
94.86	18
94.87	17
94.88	18
94.89	20
94.9	16
94.91	17
94.92	18
94.93	21
94.94	17
94.95	16
94.96	17
94.97	17
94.98	17
94.99	16
95	17
95.01	18
95.02	17
95.03	17
95.04	19
95.05	19
95.06	18
95.07	18
95.08	16
95.09	16
95.1	18
95.11	17
95.12	19
95.13	18
95.14	16
95.15	18
95.16	15
95.17	18
95.18	20
95.19	16
95.2	19
95.21	16
95.22	21
95.23	18
95.24	19
95.25	21
95.26	17
95.27	18
95.28	18
95.29	19
95.3	16
95.31	18
95.32	17
95.33	18
95.34	18
95.35	18
95.36	16
95.37	17
95.38	15
95.39	16
95.4	16
95.41	16
95.42	16
95.43	19
95.44	17
95.45	18
95.46	21
95.47	19
95.48	20
95.49	18
95.5	20
95.51	16
95.52	15
95.53	21
95.54	20
95.55	18
95.56	18
95.57	20
95.58	18
95.59	17
95.6	18
95.61	17
95.62	16
95.63	16
95.64	20
95.65	17
95.66	18
95.67	16
95.68	19
95.69	18
95.7	16
95.71	15
95.72	14
95.73	16
95.74	19
95.75	19
95.76	16
95.77	19
95.78	17
95.79	17
95.8	18
95.81	18
95.82	15
95.83	19
95.84	20
95.85	18
95.86	15
95.87	21
95.88	19
95.89	19
95.9	18
95.91	17
95.92	15
95.93	19
95.94	20
95.95	18
95.96	18
95.97	15
95.98	17
95.99	17
96	17
96.01	19
96.02	15
96.03	15
96.04	17
96.05	18
96.06	17
96.07	19
96.08	19
96.09	16
96.1	17
96.11	17
96.12	20
96.13	19
96.14	18
96.15	16
96.16	17
96.17	17
96.18	19
96.19	19
96.2	18
96.21	17
96.22	18
96.23	17
96.24	18
96.25	19
96.26	21
96.27	18
96.28	18
96.29	19
96.3	17
96.31	20
96.32	16
96.33	16
96.34	18
96.35	16
96.36	22
96.37	16
96.38	19
96.39	19
96.4	17
96.41	18
96.42	18
96.43	21
96.44	18
96.45	19
96.46	17
96.47	18
96.48	18
96.49	18
96.5	19
96.51	18
96.52	18
96.53	17
96.54	17
96.55	17
96.56	17
96.57	14
96.58	17
96.59	20
96.6	15
96.61	17
96.62	16
96.63	18
96.64	17
96.65	18
96.66	19
96.67	18
96.68	16
96.69	17
96.7	19
96.71	16
96.72	16
96.73	19
96.74	19
96.75	17
96.76	16
96.77	16
96.78	16
96.79	16
96.8	16
96.81	20
96.82	18
96.83	17
96.84	19
96.85	15
96.86	20
96.87	16
96.88	18
96.89	18
96.9	17
96.91	14
96.92	17
96.93	16
96.94	16
96.95	18
96.96	16
96.97	16
96.98	17
96.99	16
97	16
97.01	19
97.02	17
97.03	17
97.04	17
97.05	16
97.06	18
97.07	20
97.08	19
97.09	17
97.1	16
97.11	16
97.12	17
97.13	17
97.14	17
97.15	19
97.16	16
97.17	19
97.18	16
97.19	17
97.2	16
97.21	18
97.22	17
97.23	20
97.24	20
97.25	16
97.26	20
97.27	18
97.28	18
97.29	17
97.3	15
97.31	17
97.32	18
97.33	16
97.34	18
97.35	20
97.36	18
97.37	15
97.38	16
97.39	19
97.4	19
97.41	19
97.42	17
97.43	19
97.44	19
97.45	16
97.46	17
97.47	18
97.48	16
97.49	17
97.5	17
97.51	16
97.52	16
97.53	15
97.54	18
97.55	19
97.56	17
97.57	16
97.58	15
97.59	20
97.6	16
97.61	18
97.62	14
97.63	17
97.64	16
97.65	17
97.66	18
97.67	17
97.68	17
97.69	16
97.7	17
97.71	17
97.72	19
97.73	16
97.74	17
97.75	17
97.76	19
97.77	18
97.78	15
97.79	18
97.8	16
97.81	18
97.82	17
97.83	17
97.84	16
97.85	17
97.86	19
97.87	19
97.88	18
97.89	18
97.9	16
97.91	16
97.92	18
97.93	20
97.94	19
97.95	17
97.96	17
97.97	18
97.98	15
97.99	17
98	18
98.01	18
98.02	17
98.03	16
98.04	16
98.05	18
98.06	19
98.07	18
98.08	18
98.09	16
98.1	16
98.11	19
98.12	18
98.13	17
98.14	19
98.15	15
98.16	15
98.17	16
98.18	18
98.19	19
98.2	20
98.21	18
98.22	18
98.23	16
98.24	16
98.25	17
98.26	15
98.27	19
98.28	16
98.29	17
98.3	17
98.31	17
98.32	19
98.33	19
98.34	16
98.35	18
98.36	16
98.37	17
98.38	17
98.39	17
98.4	16
98.41	18
98.42	21
98.43	17
98.44	19
98.45	20
98.46	18
98.47	21
98.48	18
98.49	17
98.5	18
98.51	19
98.52	16
98.53	19
98.54	16
98.55	16
98.56	20
98.57	18
98.58	18
98.59	17
98.6	18
98.61	18
98.62	19
98.63	14
98.64	15
98.65	15
98.66	17
98.67	20
98.68	20
98.69	20
98.7	17
98.71	17
98.72	17
98.73	17
98.74	18
98.75	17
98.76	18
98.77	16
98.78	19
98.79	17
98.8	15
98.81	18
98.82	20
98.83	19
98.84	16
98.85	17
98.86	19
98.87	18
98.88	20
98.89	14
98.9	18
98.91	18
98.92	16
98.93	17
98.94	17
98.95	14
98.96	21
98.97	16
98.98	18
98.99	20
99	17
99.01	15
99.02	17
99.03	18
99.04	19
99.05	18
99.06	20
99.07	17
99.08	15
99.09	19
99.1	17
99.11	17
99.12	17
99.13	17
99.14	18
99.15	18
99.16	17
99.17	16
99.18	15
99.19	18
99.2	19
99.21	19
99.22	17
99.23	18
99.24	17
99.25	20
99.26	17
99.27	18
99.28	16
99.29	18
99.3	17
99.31	15
99.32	19
99.33	17
99.34	16
99.35	18
99.36	20
99.37	16
99.38	17
99.39	16
99.4	17
99.41	16
99.42	21
99.43	18
99.44	19
99.45	18
99.46	16
99.47	20
99.48	19
99.49	17
99.5	16
99.51	16
99.52	18
99.53	16
99.54	18
99.55	17
99.56	18
99.57	18
99.58	16
99.59	18
99.6	18
99.61	17
99.62	17
99.63	16
99.64	15
99.65	17
99.66	18
99.67	17
99.68	16
99.69	19
99.7	18
99.71	18
99.72	19
99.73	18
99.74	17
99.75	19
99.76	18
99.77	17
99.78	20
99.79	20
99.8	16
99.81	19
99.82	19
99.83	17
99.84	15
99.85	16
99.86	18
99.87	20
99.88	16
99.89	17
99.9	17
99.91	16
99.92	17
99.93	17
99.94	18
99.95	18
99.96	17
99.97	16
99.98	17
99.99	19
100	15
