0.01	10
0.02	14
0.03	13
0.04	11
0.05	10
0.06	11
0.07	10
0.08	9
0.09	8
0.1	10
0.11	11
0.12	11
0.13	10
0.14	9
0.15	9
0.16	10
0.17	10
0.18	10
0.19	9
0.2	9
0.21	9
0.22	10
0.23	10
0.24	9
0.25	9
0.26	9
0.27	9
0.28	10
0.29	9
0.3	9
0.31	9
0.32	9
0.33	9
0.34	9
0.35	9
0.36	9
0.37	9
0.38	9
0.39	9
0.4	9
0.41	9
0.42	9
0.43	9
0.44	9
0.45	9
0.46	9
0.47	9
0.48	9
0.49	9
0.5	9
0.51	9
0.52	9
0.53	9
0.54	9
0.55	9
0.56	9
0.57	9
0.58	9
0.59	9
0.6	9
0.61	9
0.62	9
0.63	9
0.64	9
0.65	9
0.66	9
0.67	9
0.68	9
0.69	9
0.7	9
0.71	9
0.72	9
0.73	9
0.74	9
0.75	9
0.76	9
0.77	9
0.78	9
0.79	9
0.8	9
0.81	9
0.82	9
0.83	9
0.84	8
0.85	8
0.86	8
0.87	8
0.88	9
0.89	9
0.9	9
0.91	8
0.92	8
0.93	8
0.94	8
0.95	8
0.96	8
0.97	8
0.98	8
0.99	8
1	8
1.01	8
1.02	8
1.03	8
1.04	8
1.05	8
1.06	8
1.07	8
1.08	8
1.09	8
1.1	8
1.11	8
1.12	8
1.13	8
1.14	8
1.15	8
1.16	8
1.17	8
1.18	8
1.19	8
1.2	7
1.21	7
1.22	7
1.23	8
1.24	9
1.25	8
1.26	7
1.27	8
1.28	7
1.29	7
1.3	7
1.31	7
1.32	7
1.33	7
1.34	7
1.35	7
1.36	7
1.37	7
1.38	7
1.39	7
1.4	7
1.41	7
1.42	7
1.43	7
1.44	7
1.45	7
1.46	7
1.47	7
1.48	7
1.49	7
1.5	7
1.51	7
1.52	7
1.53	7
1.54	7
1.55	7
1.56	7
1.57	7
1.58	8
1.59	9
1.6	8
1.61	7
1.62	7
1.63	7
1.64	7
1.65	7
1.66	7
1.67	7
1.68	7
1.69	7
1.7	7
1.71	7
1.72	7
1.73	7
1.74	7
1.75	7
1.76	7
1.77	7
1.78	7
1.79	7
1.8	7
1.81	7
1.82	7
1.83	7
1.84	7
1.85	7
1.86	7
1.87	7
1.88	7
1.89	7
1.9	7
1.91	7
1.92	7
1.93	7
1.94	7
1.95	7
1.96	8
1.97	9
1.98	8
1.99	7
2	7
2.01	7
2.02	7
2.03	7
2.04	7
2.05	7
2.06	7
2.07	7
2.08	7
2.09	7
2.1	7
2.11	7
2.12	7
2.13	7
2.14	7
2.15	7
2.16	7
2.17	7
2.18	7
2.19	7
2.2	7
2.21	7
2.22	7
2.23	7
2.24	7
2.25	7
2.26	7
2.27	7
2.28	7
2.29	7
2.3	7
2.31	7
2.32	7
2.33	7
2.34	7
2.35	7
2.36	7
2.37	7
2.38	7
2.39	8
2.4	7
2.41	6
2.42	6
2.43	6
2.44	6
2.45	6
2.46	6
2.47	6
2.48	6
2.49	6
2.5	6
2.51	6
2.52	6
2.53	6
2.54	6
2.55	6
2.56	6
2.57	6
2.58	6
2.59	6
2.6	6
2.61	6
2.62	6
2.63	6
2.64	6
2.65	6
2.66	6
2.67	6
2.68	6
2.69	6
2.7	6
2.71	6
2.72	6
2.73	6
2.74	6
2.75	6
2.76	6
2.77	6
2.78	6
2.79	6
2.8	6
2.81	6
2.82	6
2.83	6
2.84	6
2.85	6
2.86	6
2.87	6
2.88	6
2.89	6
2.9	6
2.91	6
2.92	6
2.93	9
2.94	8
2.95	8
2.96	8
2.97	10
2.98	8
2.99	8
3	9
3.01	9
3.02	9
3.03	10
3.04	9
3.05	9
3.06	10
3.07	10
3.08	9
3.09	9
3.1	8
3.11	9
3.12	9
3.13	8
3.14	8
3.15	7
3.16	7
3.17	8
3.18	7
3.19	7
3.2	7
3.21	7
3.22	7
3.23	7
3.24	7
3.25	6
3.26	6
3.27	6
3.28	6
3.29	6
3.3	6
3.31	6
3.32	6
3.33	6
3.34	6
3.35	6
3.36	6
3.37	6
3.38	6
3.39	6
3.4	6
3.41	6
3.42	6
3.43	6
3.44	6
3.45	6
3.46	6
3.47	6
3.48	6
3.49	6
3.5	6
3.51	6
3.52	6
3.53	6
3.54	6
3.55	6
3.56	6
3.57	6
3.58	6
3.59	6
3.6	6
3.61	6
3.62	6
3.63	6
3.64	6
3.65	6
3.66	6
3.67	6
3.68	6
3.69	6
3.7	6
3.71	6
3.72	6
3.73	6
3.74	6
3.75	6
3.76	6
3.77	6
3.78	6
3.79	6
3.8	6
3.81	6
3.82	6
3.83	6
3.84	6
3.85	6
3.86	6
3.87	6
3.88	6
3.89	6
3.9	6
3.91	6
3.92	6
3.93	6
3.94	6
3.95	6
3.96	6
3.97	6
3.98	6
3.99	6
4	6
4.01	6
4.02	6
4.03	6
4.04	6
4.05	6
4.06	6
4.07	6
4.08	6
4.09	6
4.1	6
4.11	6
4.12	6
4.13	6
4.14	6
4.15	6
4.16	6
4.17	6
4.18	6
4.19	6
4.2	6
4.21	6
4.22	6
4.23	6
4.24	6
4.25	6
4.26	6
4.27	6
4.28	6
4.29	6
4.3	6
4.31	6
4.32	6
4.33	6
4.34	6
4.35	6
4.36	6
4.37	6
4.38	6
4.39	6
4.4	6
4.41	6
4.42	6
4.43	6
4.44	6
4.45	6
4.46	6
4.47	6
4.48	6
4.49	6
4.5	6
4.51	6
4.52	6
4.53	6
4.54	6
4.55	6
4.56	6
4.57	6
4.58	6
4.59	6
4.6	6
4.61	6
4.62	6
4.63	6
4.64	6
4.65	6
4.66	6
4.67	6
4.68	6
4.69	6
4.7	6
4.71	6
4.72	6
4.73	6
4.74	6
4.75	6
4.76	6
4.77	6
4.78	6
4.79	6
4.8	6
4.81	6
4.82	6
4.83	6
4.84	6
4.85	6
4.86	6
4.87	6
4.88	6
4.89	6
4.9	6
4.91	6
4.92	6
4.93	6
4.94	6
4.95	6
4.96	6
4.97	6
4.98	6
4.99	6
5	6
5.01	6
5.02	6
5.03	6
5.04	6
5.05	6
5.06	6
5.07	6
5.08	6
5.09	6
5.1	6
5.11	6
5.12	6
5.13	6
5.14	6
5.15	6
5.16	6
5.17	6
5.18	6
5.19	6
5.2	6
5.21	6
5.22	6
5.23	6
5.24	6
5.25	6
5.26	6
5.27	6
5.28	6
5.29	6
5.3	6
5.31	6
5.32	6
5.33	6
5.34	6
5.35	6
5.36	6
5.37	6
5.38	6
5.39	6
5.4	6
5.41	6
5.42	6
5.43	6
5.44	6
5.45	6
5.46	6
5.47	6
5.48	6
5.49	6
5.5	6
5.51	6
5.52	6
5.53	6
5.54	6
5.55	6
5.56	6
5.57	6
5.58	6
5.59	6
5.6	6
5.61	6
5.62	6
5.63	6
5.64	6
5.65	6
5.66	6
5.67	6
5.68	6
5.69	6
5.7	6
5.71	6
5.72	6
5.73	6
5.74	6
5.75	6
5.76	6
5.77	6
5.78	6
5.79	6
5.8	6
5.81	6
5.82	6
5.83	6
5.84	6
5.85	6
5.86	6
5.87	6
5.88	6
5.89	6
5.9	6
5.91	6
5.92	6
5.93	6
5.94	6
5.95	6
5.96	6
5.97	6
5.98	6
5.99	6
6	6
6.01	6
6.02	6
6.03	6
6.04	6
6.05	6
6.06	6
6.07	6
6.08	6
6.09	6
6.1	6
6.11	6
6.12	6
6.13	6
6.14	6
6.15	6
6.16	6
6.17	6
6.18	6
6.19	6
6.2	6
6.21	6
6.22	6
6.23	6
6.24	6
6.25	6
6.26	6
6.27	6
6.28	6
6.29	6
6.3	6
6.31	6
6.32	6
6.33	6
6.34	6
6.35	6
6.36	6
6.37	6
6.38	6
6.39	6
6.4	6
6.41	6
6.42	6
6.43	6
6.44	6
6.45	6
6.46	6
6.47	6
6.48	6
6.49	6
6.5	6
6.51	6
6.52	6
6.53	6
6.54	6
6.55	6
6.56	6
6.57	6
6.58	6
6.59	6
6.6	6
6.61	6
6.62	6
6.63	6
6.64	6
6.65	6
6.66	6
6.67	6
6.68	6
6.69	6
6.7	6
6.71	6
6.72	6
6.73	6
6.74	6
6.75	6
6.76	6
6.77	6
6.78	6
6.79	6
6.8	6
6.81	6
6.82	6
6.83	6
6.84	6
6.85	6
6.86	6
6.87	6
6.88	6
6.89	6
6.9	6
6.91	6
6.92	6
6.93	6
6.94	6
6.95	6
6.96	6
6.97	6
6.98	6
6.99	6
7	6
7.01	6
7.02	6
7.03	6
7.04	6
7.05	6
7.06	6
7.07	6
7.08	6
7.09	6
7.1	6
7.11	6
7.12	6
7.13	6
7.14	6
7.15	6
7.16	6
7.17	6
7.18	6
7.19	6
7.2	6
7.21	6
7.22	6
7.23	6
7.24	6
7.25	6
7.26	6
7.27	6
7.28	6
7.29	6
7.3	6
7.31	6
7.32	6
7.33	6
7.34	6
7.35	6
7.36	6
7.37	6
7.38	6
7.39	6
7.4	6
7.41	6
7.42	6
7.43	6
7.44	6
7.45	6
7.46	6
7.47	6
7.48	6
7.49	6
7.5	6
7.51	6
7.52	6
7.53	6
7.54	6
7.55	6
7.56	6
7.57	6
7.58	6
7.59	6
7.6	6
7.61	6
7.62	6
7.63	6
7.64	6
7.65	6
7.66	6
7.67	6
7.68	6
7.69	6
7.7	6
7.71	6
7.72	6
7.73	6
7.74	6
7.75	6
7.76	6
7.77	6
7.78	6
7.79	6
7.8	6
7.81	6
7.82	6
7.83	6
7.84	6
7.85	6
7.86	6
7.87	6
7.88	6
7.89	6
7.9	6
7.91	6
7.92	6
7.93	6
7.94	6
7.95	6
7.96	6
7.97	6
7.98	6
7.99	6
8	6
8.01	6
8.02	6
8.03	6
8.04	6
8.05	6
8.06	6
8.07	6
8.08	6
8.09	6
8.1	6
8.11	6
8.12	6
8.13	6
8.14	6
8.15	6
8.16	6
8.17	6
8.18	6
8.19	6
8.2	6
8.21	6
8.22	6
8.23	6
8.24	6
8.25	6
8.26	6
8.27	6
8.28	6
8.29	6
8.3	6
8.31	6
8.32	6
8.33	6
8.34	6
8.35	6
8.36	6
8.37	6
8.38	6
8.39	6
8.4	6
8.41	6
8.42	6
8.43	6
8.44	6
8.45	6
8.46	6
8.47	6
8.48	6
8.49	6
8.5	6
8.51	6
8.52	6
8.53	6
8.54	6
8.55	6
8.56	6
8.57	6
8.58	6
8.59	6
8.6	6
8.61	6
8.62	6
8.63	6
8.64	6
8.65	6
8.66	6
8.67	6
8.68	6
8.69	6
8.7	6
8.71	6
8.72	6
8.73	6
8.74	6
8.75	6
8.76	6
8.77	6
8.78	6
8.79	6
8.8	6
8.81	6
8.82	6
8.83	6
8.84	6
8.85	6
8.86	6
8.87	6
8.88	6
8.89	6
8.9	6
8.91	6
8.92	6
8.93	6
8.94	6
8.95	6
8.96	6
8.97	6
8.98	6
8.99	6
9	6
9.01	6
9.02	6
9.03	6
9.04	6
9.05	6
9.06	6
9.07	6
9.08	6
9.09	6
9.1	6
9.11	6
9.12	6
9.13	6
9.14	6
9.15	6
9.16	6
9.17	6
9.18	6
9.19	6
9.2	6
9.21	6
9.22	6
9.23	6
9.24	6
9.25	6
9.26	6
9.27	6
9.28	6
9.29	6
9.3	6
9.31	6
9.32	6
9.33	6
9.34	6
9.35	6
9.36	6
9.37	6
9.38	6
9.39	6
9.4	6
9.41	6
9.42	6
9.43	6
9.44	6
9.45	6
9.46	6
9.47	6
9.48	6
9.49	6
9.5	6
9.51	6
9.52	6
9.53	6
9.54	6
9.55	6
9.56	6
9.57	6
9.58	6
9.59	6
9.6	6
9.61	6
9.62	6
9.63	6
9.64	6
9.65	6
9.66	6
9.67	6
9.68	6
9.69	6
9.7	6
9.71	6
9.72	6
9.73	6
9.74	6
9.75	6
9.76	6
9.77	6
9.78	6
9.79	6
9.8	6
9.81	6
9.82	6
9.83	6
9.84	6
9.85	6
9.86	6
9.87	6
9.88	6
9.89	6
9.9	6
9.91	6
9.92	6
9.93	6
9.94	6
9.95	6
9.96	6
9.97	6
9.98	6
9.99	6
10	6
10.01	6
10.02	6
10.03	6
10.04	6
10.05	6
10.06	6
10.07	6
10.08	6
10.09	6
10.1	6
10.11	6
10.12	6
10.13	6
10.14	6
10.15	6
10.16	6
10.17	6
10.18	6
10.19	6
10.2	6
10.21	6
10.22	6
10.23	6
10.24	6
10.25	6
10.26	6
10.27	6
10.28	6
10.29	6
10.3	6
10.31	6
10.32	6
10.33	6
10.34	6
10.35	6
10.36	6
10.37	6
10.38	6
10.39	6
10.4	6
10.41	6
10.42	6
10.43	6
10.44	6
10.45	6
10.46	6
10.47	6
10.48	6
10.49	6
10.5	6
10.51	6
10.52	6
10.53	6
10.54	6
10.55	6
10.56	6
10.57	6
10.58	6
10.59	6
10.6	6
10.61	6
10.62	6
10.63	6
10.64	6
10.65	6
10.66	6
10.67	6
10.68	6
10.69	6
10.7	6
10.71	6
10.72	6
10.73	6
10.74	6
10.75	6
10.76	6
10.77	6
10.78	6
10.79	6
10.8	6
10.81	6
10.82	6
10.83	6
10.84	6
10.85	6
10.86	6
10.87	6
10.88	6
10.89	6
10.9	6
10.91	6
10.92	6
10.93	6
10.94	6
10.95	6
10.96	6
10.97	6
10.98	6
10.99	6
11	6
11.01	6
11.02	6
11.03	6
11.04	6
11.05	6
11.06	6
11.07	6
11.08	6
11.09	6
11.1	6
11.11	6
11.12	6
11.13	6
11.14	6
11.15	6
11.16	6
11.17	6
11.18	6
11.19	6
11.2	6
11.21	6
11.22	6
11.23	6
11.24	6
11.25	6
11.26	6
11.27	6
11.28	6
11.29	6
11.3	6
11.31	6
11.32	6
11.33	6
11.34	6
11.35	6
11.36	6
11.37	6
11.38	6
11.39	6
11.4	6
11.41	6
11.42	6
11.43	6
11.44	6
11.45	6
11.46	6
11.47	6
11.48	6
11.49	6
11.5	6
11.51	6
11.52	6
11.53	6
11.54	6
11.55	6
11.56	6
11.57	6
11.58	6
11.59	6
11.6	6
11.61	6
11.62	6
11.63	6
11.64	6
11.65	6
11.66	6
11.67	6
11.68	6
11.69	6
11.7	6
11.71	6
11.72	6
11.73	6
11.74	6
11.75	6
11.76	6
11.77	6
11.78	6
11.79	6
11.8	6
11.81	6
11.82	6
11.83	6
11.84	6
11.85	6
11.86	6
11.87	6
11.88	6
11.89	6
11.9	6
11.91	6
11.92	6
11.93	6
11.94	6
11.95	6
11.96	6
11.97	6
11.98	6
11.99	6
12	6
12.01	6
12.02	6
12.03	6
12.04	6
12.05	6
12.06	6
12.07	6
12.08	6
12.09	6
12.1	6
12.11	6
12.12	6
12.13	6
12.14	6
12.15	6
12.16	6
12.17	6
12.18	6
12.19	6
12.2	6
12.21	6
12.22	6
12.23	6
12.24	6
12.25	6
12.26	6
12.27	6
12.28	6
12.29	6
12.3	6
12.31	6
12.32	6
12.33	6
12.34	6
12.35	6
12.36	6
12.37	6
12.38	6
12.39	6
12.4	6
12.41	6
12.42	6
12.43	6
12.44	6
12.45	6
12.46	6
12.47	6
12.48	6
12.49	6
12.5	6
12.51	6
12.52	6
12.53	6
12.54	6
12.55	6
12.56	6
12.57	6
12.58	6
12.59	6
12.6	6
12.61	6
12.62	6
12.63	6
12.64	6
12.65	6
12.66	6
12.67	6
12.68	6
12.69	6
12.7	6
12.71	6
12.72	6
12.73	6
12.74	6
12.75	6
12.76	6
12.77	6
12.78	6
12.79	6
12.8	6
12.81	6
12.82	6
12.83	6
12.84	6
12.85	6
12.86	6
12.87	6
12.88	6
12.89	6
12.9	6
12.91	6
12.92	6
12.93	6
12.94	6
12.95	6
12.96	6
12.97	6
12.98	6
12.99	6
13	6
13.01	6
13.02	6
13.03	6
13.04	6
13.05	6
13.06	6
13.07	6
13.08	6
13.09	6
13.1	6
13.11	6
13.12	6
13.13	6
13.14	6
13.15	6
13.16	6
13.17	6
13.18	6
13.19	6
13.2	6
13.21	6
13.22	6
13.23	6
13.24	6
13.25	6
13.26	6
13.27	6
13.28	6
13.29	6
13.3	6
13.31	6
13.32	6
13.33	6
13.34	6
13.35	6
13.36	6
13.37	6
13.38	6
13.39	6
13.4	6
13.41	6
13.42	6
13.43	6
13.44	6
13.45	6
13.46	6
13.47	6
13.48	6
13.49	6
13.5	6
13.51	6
13.52	6
13.53	6
13.54	6
13.55	6
13.56	6
13.57	6
13.58	6
13.59	6
13.6	6
13.61	6
13.62	6
13.63	6
13.64	6
13.65	6
13.66	6
13.67	6
13.68	6
13.69	6
13.7	6
13.71	6
13.72	6
13.73	6
13.74	6
13.75	6
13.76	6
13.77	6
13.78	6
13.79	6
13.8	6
13.81	6
13.82	6
13.83	6
13.84	6
13.85	6
13.86	6
13.87	6
13.88	6
13.89	6
13.9	6
13.91	6
13.92	6
13.93	6
13.94	6
13.95	6
13.96	6
13.97	6
13.98	6
13.99	6
14	6
14.01	6
14.02	6
14.03	6
14.04	6
14.05	6
14.06	6
14.07	6
14.08	6
14.09	6
14.1	6
14.11	6
14.12	6
14.13	6
14.14	6
14.15	6
14.16	6
14.17	6
14.18	6
14.19	6
14.2	6
14.21	6
14.22	6
14.23	6
14.24	6
14.25	6
14.26	6
14.27	6
14.28	6
14.29	6
14.3	6
14.31	6
14.32	6
14.33	6
14.34	6
14.35	6
14.36	6
14.37	6
14.38	6
14.39	6
14.4	6
14.41	6
14.42	6
14.43	6
14.44	6
14.45	6
14.46	6
14.47	6
14.48	6
14.49	6
14.5	6
14.51	6
14.52	6
14.53	6
14.54	6
14.55	6
14.56	6
14.57	6
14.58	6
14.59	6
14.6	6
14.61	6
14.62	6
14.63	6
14.64	6
14.65	6
14.66	6
14.67	6
14.68	6
14.69	6
14.7	6
14.71	6
14.72	6
14.73	6
14.74	6
14.75	6
14.76	6
14.77	6
14.78	6
14.79	6
14.8	6
14.81	6
14.82	6
14.83	6
14.84	6
14.85	6
14.86	6
14.87	6
14.88	6
14.89	6
14.9	6
14.91	6
14.92	6
14.93	6
14.94	6
14.95	6
14.96	6
14.97	6
14.98	6
14.99	6
15	6
15.01	6
15.02	6
15.03	6
15.04	6
15.05	6
15.06	6
15.07	6
15.08	6
15.09	6
15.1	6
15.11	6
15.12	6
15.13	6
15.14	6
15.15	6
15.16	6
15.17	6
15.18	6
15.19	6
15.2	6
15.21	6
15.22	6
15.23	6
15.24	6
15.25	6
15.26	6
15.27	6
15.28	6
15.29	6
15.3	6
15.31	6
15.32	6
15.33	6
15.34	6
15.35	6
15.36	6
15.37	6
15.38	6
15.39	6
15.4	6
15.41	6
15.42	6
15.43	6
15.44	6
15.45	6
15.46	6
15.47	6
15.48	6
15.49	6
15.5	6
15.51	6
15.52	6
15.53	6
15.54	6
15.55	6
15.56	6
15.57	6
15.58	6
15.59	6
15.6	6
15.61	6
15.62	6
15.63	6
15.64	6
15.65	6
15.66	6
15.67	6
15.68	6
15.69	6
15.7	6
15.71	6
15.72	6
15.73	6
15.74	6
15.75	6
15.76	6
15.77	6
15.78	6
15.79	6
15.8	6
15.81	6
15.82	6
15.83	6
15.84	6
15.85	6
15.86	6
15.87	6
15.88	6
15.89	6
15.9	6
15.91	6
15.92	6
15.93	6
15.94	6
15.95	6
15.96	6
15.97	6
15.98	6
15.99	6
16	6
16.01	6
16.02	6
16.03	6
16.04	6
16.05	6
16.06	6
16.07	6
16.08	6
16.09	6
16.1	6
16.11	6
16.12	6
16.13	6
16.14	6
16.15	6
16.16	6
16.17	6
16.18	6
16.19	6
16.2	6
16.21	6
16.22	6
16.23	6
16.24	6
16.25	6
16.26	6
16.27	6
16.28	6
16.29	6
16.3	6
16.31	6
16.32	6
16.33	6
16.34	6
16.35	6
16.36	6
16.37	6
16.38	6
16.39	6
16.4	6
16.41	6
16.42	6
16.43	6
16.44	6
16.45	6
16.46	6
16.47	6
16.48	6
16.49	6
16.5	6
16.51	6
16.52	6
16.53	6
16.54	6
16.55	6
16.56	6
16.57	6
16.58	6
16.59	6
16.6	6
16.61	6
16.62	6
16.63	6
16.64	6
16.65	6
16.66	6
16.67	6
16.68	6
16.69	6
16.7	6
16.71	6
16.72	6
16.73	6
16.74	6
16.75	6
16.76	6
16.77	6
16.78	6
16.79	6
16.8	6
16.81	6
16.82	6
16.83	6
16.84	6
16.85	6
16.86	6
16.87	6
16.88	6
16.89	6
16.9	6
16.91	6
16.92	6
16.93	6
16.94	6
16.95	6
16.96	6
16.97	6
16.98	6
16.99	6
17	6
17.01	6
17.02	6
17.03	6
17.04	6
17.05	6
17.06	6
17.07	6
17.08	6
17.09	6
17.1	6
17.11	6
17.12	6
17.13	6
17.14	6
17.15	6
17.16	6
17.17	6
17.18	6
17.19	6
17.2	6
17.21	6
17.22	6
17.23	6
17.24	6
17.25	6
17.26	6
17.27	6
17.28	6
17.29	6
17.3	6
17.31	6
17.32	6
17.33	6
17.34	6
17.35	6
17.36	6
17.37	6
17.38	6
17.39	6
17.4	6
17.41	6
17.42	6
17.43	6
17.44	6
17.45	6
17.46	6
17.47	6
17.48	6
17.49	6
17.5	6
17.51	6
17.52	6
17.53	6
17.54	6
17.55	6
17.56	6
17.57	6
17.58	6
17.59	6
17.6	6
17.61	6
17.62	6
17.63	6
17.64	6
17.65	6
17.66	6
17.67	6
17.68	6
17.69	6
17.7	6
17.71	6
17.72	6
17.73	6
17.74	6
17.75	6
17.76	6
17.77	6
17.78	6
17.79	6
17.8	6
17.81	6
17.82	6
17.83	6
17.84	6
17.85	6
17.86	6
17.87	6
17.88	6
17.89	6
17.9	6
17.91	6
17.92	6
17.93	6
17.94	6
17.95	6
17.96	6
17.97	6
17.98	6
17.99	6
18	6
18.01	6
18.02	6
18.03	6
18.04	6
18.05	6
18.06	6
18.07	6
18.08	6
18.09	6
18.1	6
18.11	6
18.12	6
18.13	6
18.14	6
18.15	6
18.16	6
18.17	6
18.18	6
18.19	6
18.2	6
18.21	6
18.22	6
18.23	6
18.24	6
18.25	6
18.26	6
18.27	6
18.28	6
18.29	6
18.3	6
18.31	6
18.32	6
18.33	6
18.34	6
18.35	6
18.36	6
18.37	6
18.38	6
18.39	6
18.4	6
18.41	6
18.42	6
18.43	6
18.44	6
18.45	6
18.46	6
18.47	6
18.48	6
18.49	6
18.5	6
18.51	6
18.52	6
18.53	6
18.54	6
18.55	6
18.56	6
18.57	6
18.58	6
18.59	6
18.6	6
18.61	6
18.62	6
18.63	6
18.64	6
18.65	6
18.66	6
18.67	6
18.68	6
18.69	6
18.7	6
18.71	6
18.72	6
18.73	6
18.74	6
18.75	6
18.76	6
18.77	6
18.78	6
18.79	6
18.8	6
18.81	6
18.82	6
18.83	6
18.84	6
18.85	6
18.86	6
18.87	6
18.88	6
18.89	6
18.9	6
18.91	6
18.92	6
18.93	6
18.94	6
18.95	6
18.96	6
18.97	6
18.98	6
18.99	6
19	6
19.01	6
19.02	6
19.03	6
19.04	6
19.05	6
19.06	6
19.07	6
19.08	6
19.09	6
19.1	6
19.11	6
19.12	6
19.13	6
19.14	6
19.15	6
19.16	6
19.17	6
19.18	6
19.19	6
19.2	6
19.21	6
19.22	6
19.23	6
19.24	6
19.25	6
19.26	6
19.27	6
19.28	6
19.29	6
19.3	6
19.31	6
19.32	6
19.33	6
19.34	6
19.35	6
19.36	6
19.37	6
19.38	6
19.39	6
19.4	6
19.41	6
19.42	6
19.43	6
19.44	6
19.45	6
19.46	6
19.47	6
19.48	6
19.49	6
19.5	6
19.51	6
19.52	6
19.53	6
19.54	6
19.55	6
19.56	6
19.57	6
19.58	6
19.59	6
19.6	6
19.61	6
19.62	6
19.63	6
19.64	6
19.65	6
19.66	6
19.67	6
19.68	6
19.69	6
19.7	6
19.71	6
19.72	6
19.73	6
19.74	6
19.75	6
19.76	6
19.77	6
19.78	6
19.79	6
19.8	6
19.81	6
19.82	6
19.83	6
19.84	6
19.85	6
19.86	6
19.87	6
19.88	6
19.89	6
19.9	6
19.91	6
19.92	6
19.93	6
19.94	6
19.95	6
19.96	6
19.97	6
19.98	6
19.99	6
20	6
20.01	6
20.02	6
20.03	6
20.04	6
20.05	6
20.06	6
20.07	6
20.08	6
20.09	6
20.1	6
20.11	6
20.12	6
20.13	6
20.14	6
20.15	6
20.16	6
20.17	6
20.18	6
20.19	6
20.2	6
20.21	6
20.22	6
20.23	6
20.24	6
20.25	6
20.26	6
20.27	6
20.28	6
20.29	6
20.3	6
20.31	6
20.32	6
20.33	6
20.34	6
20.35	6
20.36	6
20.37	6
20.38	6
20.39	6
20.4	6
20.41	6
20.42	6
20.43	6
20.44	6
20.45	6
20.46	6
20.47	6
20.48	6
20.49	6
20.5	6
20.51	6
20.52	6
20.53	6
20.54	6
20.55	6
20.56	6
20.57	6
20.58	6
20.59	6
20.6	6
20.61	6
20.62	6
20.63	6
20.64	6
20.65	6
20.66	6
20.67	6
20.68	6
20.69	6
20.7	6
20.71	6
20.72	6
20.73	6
20.74	6
20.75	6
20.76	6
20.77	6
20.78	6
20.79	6
20.8	6
20.81	6
20.82	6
20.83	6
20.84	6
20.85	6
20.86	6
20.87	6
20.88	6
20.89	6
20.9	6
20.91	6
20.92	6
20.93	6
20.94	6
20.95	6
20.96	6
20.97	6
20.98	6
20.99	6
21	6
21.01	6
21.02	6
21.03	6
21.04	6
21.05	6
21.06	6
21.07	6
21.08	6
21.09	6
21.1	6
21.11	6
21.12	6
21.13	6
21.14	6
21.15	6
21.16	6
21.17	6
21.18	6
21.19	6
21.2	6
21.21	6
21.22	6
21.23	6
21.24	6
21.25	6
21.26	6
21.27	6
21.28	6
21.29	6
21.3	6
21.31	6
21.32	6
21.33	6
21.34	6
21.35	6
21.36	6
21.37	6
21.38	6
21.39	6
21.4	6
21.41	6
21.42	6
21.43	6
21.44	6
21.45	6
21.46	6
21.47	6
21.48	6
21.49	6
21.5	6
21.51	6
21.52	6
21.53	6
21.54	6
21.55	6
21.56	6
21.57	6
21.58	6
21.59	6
21.6	6
21.61	6
21.62	6
21.63	6
21.64	6
21.65	6
21.66	6
21.67	6
21.68	6
21.69	6
21.7	6
21.71	6
21.72	6
21.73	6
21.74	6
21.75	6
21.76	6
21.77	6
21.78	6
21.79	6
21.8	6
21.81	6
21.82	6
21.83	6
21.84	6
21.85	6
21.86	6
21.87	6
21.88	6
21.89	6
21.9	6
21.91	6
21.92	6
21.93	6
21.94	6
21.95	6
21.96	6
21.97	6
21.98	6
21.99	6
22	6
22.01	6
22.02	6
22.03	6
22.04	6
22.05	6
22.06	6
22.07	6
22.08	6
22.09	6
22.1	6
22.11	6
22.12	6
22.13	6
22.14	6
22.15	6
22.16	6
22.17	6
22.18	6
22.19	6
22.2	6
22.21	6
22.22	6
22.23	6
22.24	6
22.25	6
22.26	6
22.27	6
22.28	6
22.29	6
22.3	6
22.31	6
22.32	6
22.33	6
22.34	6
22.35	6
22.36	6
22.37	6
22.38	6
22.39	6
22.4	6
22.41	6
22.42	6
22.43	6
22.44	6
22.45	6
22.46	6
22.47	6
22.48	6
22.49	6
22.5	6
22.51	6
22.52	6
22.53	6
22.54	6
22.55	6
22.56	6
22.57	6
22.58	6
22.59	6
22.6	6
22.61	6
22.62	6
22.63	6
22.64	6
22.65	6
22.66	6
22.67	6
22.68	6
22.69	6
22.7	6
22.71	6
22.72	6
22.73	6
22.74	6
22.75	6
22.76	6
22.77	6
22.78	6
22.79	6
22.8	6
22.81	6
22.82	6
22.83	6
22.84	6
22.85	6
22.86	6
22.87	6
22.88	6
22.89	6
22.9	6
22.91	6
22.92	6
22.93	6
22.94	6
22.95	6
22.96	6
22.97	6
22.98	6
22.99	6
23	6
23.01	6
23.02	6
23.03	6
23.04	6
23.05	6
23.06	6
23.07	6
23.08	6
23.09	6
23.1	6
23.11	6
23.12	6
23.13	6
23.14	6
23.15	6
23.16	6
23.17	6
23.18	6
23.19	6
23.2	6
23.21	6
23.22	6
23.23	6
23.24	6
23.25	6
23.26	6
23.27	6
23.28	6
23.29	6
23.3	6
23.31	6
23.32	6
23.33	6
23.34	6
23.35	6
23.36	6
23.37	6
23.38	6
23.39	6
23.4	6
23.41	6
23.42	6
23.43	6
23.44	6
23.45	6
23.46	6
23.47	6
23.48	6
23.49	6
23.5	6
23.51	6
23.52	6
23.53	6
23.54	6
23.55	6
23.56	6
23.57	6
23.58	6
23.59	6
23.6	6
23.61	6
23.62	6
23.63	6
23.64	6
23.65	6
23.66	6
23.67	6
23.68	6
23.69	6
23.7	6
23.71	6
23.72	6
23.73	6
23.74	6
23.75	6
23.76	6
23.77	6
23.78	6
23.79	6
23.8	6
23.81	6
23.82	6
23.83	6
23.84	6
23.85	6
23.86	6
23.87	6
23.88	6
23.89	6
23.9	6
23.91	6
23.92	6
23.93	6
23.94	6
23.95	6
23.96	6
23.97	6
23.98	6
23.99	6
24	6
24.01	6
24.02	6
24.03	6
24.04	6
24.05	6
24.06	6
24.07	6
24.08	6
24.09	6
24.1	6
24.11	6
24.12	6
24.13	6
24.14	6
24.15	6
24.16	6
24.17	6
24.18	6
24.19	6
24.2	6
24.21	6
24.22	6
24.23	6
24.24	6
24.25	6
24.26	6
24.27	6
24.28	6
24.29	6
24.3	6
24.31	6
24.32	6
24.33	6
24.34	6
24.35	6
24.36	6
24.37	6
24.38	6
24.39	6
24.4	6
24.41	6
24.42	6
24.43	6
24.44	6
24.45	6
24.46	6
24.47	6
24.48	6
24.49	6
24.5	6
24.51	6
24.52	6
24.53	6
24.54	6
24.55	6
24.56	6
24.57	6
24.58	6
24.59	6
24.6	6
24.61	6
24.62	6
24.63	6
24.64	6
24.65	6
24.66	6
24.67	6
24.68	6
24.69	6
24.7	6
24.71	6
24.72	6
24.73	6
24.74	6
24.75	6
24.76	6
24.77	6
24.78	6
24.79	6
24.8	6
24.81	6
24.82	6
24.83	6
24.84	6
24.85	6
24.86	6
24.87	6
24.88	6
24.89	6
24.9	6
24.91	6
24.92	6
24.93	6
24.94	6
24.95	6
24.96	6
24.97	6
24.98	6
24.99	6
25	6
25.01	6
25.02	6
25.03	6
25.04	6
25.05	6
25.06	6
25.07	6
25.08	6
25.09	6
25.1	6
25.11	6
25.12	6
25.13	6
25.14	6
25.15	6
25.16	6
25.17	6
25.18	6
25.19	6
25.2	6
25.21	6
25.22	6
25.23	6
25.24	6
25.25	6
25.26	6
25.27	6
25.28	6
25.29	6
25.3	6
25.31	6
25.32	6
25.33	6
25.34	6
25.35	6
25.36	6
25.37	6
25.38	6
25.39	6
25.4	6
25.41	6
25.42	6
25.43	6
25.44	6
25.45	6
25.46	6
25.47	6
25.48	6
25.49	6
25.5	6
25.51	6
25.52	6
25.53	6
25.54	6
25.55	6
25.56	6
25.57	6
25.58	6
25.59	6
25.6	6
25.61	6
25.62	6
25.63	6
25.64	6
25.65	6
25.66	6
25.67	6
25.68	6
25.69	6
25.7	6
25.71	6
25.72	6
25.73	6
25.74	6
25.75	6
25.76	6
25.77	6
25.78	6
25.79	6
25.8	6
25.81	6
25.82	6
25.83	6
25.84	6
25.85	6
25.86	6
25.87	6
25.88	6
25.89	6
25.9	6
25.91	6
25.92	6
25.93	6
25.94	6
25.95	6
25.96	6
25.97	6
25.98	6
25.99	6
26	6
26.01	6
26.02	6
26.03	6
26.04	6
26.05	6
26.06	6
26.07	6
26.08	6
26.09	6
26.1	6
26.11	6
26.12	6
26.13	6
26.14	6
26.15	6
26.16	6
26.17	6
26.18	6
26.19	6
26.2	6
26.21	6
26.22	6
26.23	6
26.24	6
26.25	6
26.26	6
26.27	6
26.28	6
26.29	6
26.3	6
26.31	6
26.32	6
26.33	6
26.34	6
26.35	6
26.36	6
26.37	6
26.38	6
26.39	6
26.4	6
26.41	6
26.42	6
26.43	6
26.44	6
26.45	6
26.46	6
26.47	6
26.48	6
26.49	6
26.5	6
26.51	6
26.52	6
26.53	6
26.54	6
26.55	6
26.56	6
26.57	6
26.58	6
26.59	6
26.6	6
26.61	6
26.62	6
26.63	6
26.64	6
26.65	6
26.66	6
26.67	6
26.68	6
26.69	6
26.7	6
26.71	6
26.72	6
26.73	6
26.74	6
26.75	6
26.76	6
26.77	6
26.78	6
26.79	6
26.8	6
26.81	6
26.82	6
26.83	6
26.84	6
26.85	6
26.86	6
26.87	6
26.88	6
26.89	6
26.9	6
26.91	6
26.92	6
26.93	6
26.94	6
26.95	6
26.96	6
26.97	6
26.98	6
26.99	6
27	6
27.01	6
27.02	6
27.03	6
27.04	6
27.05	6
27.06	6
27.07	6
27.08	6
27.09	6
27.1	6
27.11	6
27.12	6
27.13	6
27.14	6
27.15	6
27.16	6
27.17	6
27.18	6
27.19	6
27.2	6
27.21	6
27.22	6
27.23	6
27.24	6
27.25	6
27.26	6
27.27	6
27.28	6
27.29	6
27.3	6
27.31	6
27.32	6
27.33	6
27.34	6
27.35	6
27.36	6
27.37	6
27.38	6
27.39	6
27.4	6
27.41	6
27.42	6
27.43	6
27.44	6
27.45	6
27.46	6
27.47	6
27.48	6
27.49	6
27.5	6
27.51	6
27.52	6
27.53	6
27.54	6
27.55	6
27.56	6
27.57	6
27.58	6
27.59	6
27.6	6
27.61	6
27.62	6
27.63	6
27.64	6
27.65	6
27.66	6
27.67	6
27.68	6
27.69	6
27.7	6
27.71	6
27.72	6
27.73	6
27.74	6
27.75	6
27.76	6
27.77	6
27.78	6
27.79	6
27.8	6
27.81	6
27.82	6
27.83	6
27.84	6
27.85	6
27.86	6
27.87	6
27.88	6
27.89	6
27.9	6
27.91	6
27.92	6
27.93	6
27.94	6
27.95	6
27.96	6
27.97	6
27.98	6
27.99	6
28	6
28.01	6
28.02	6
28.03	6
28.04	6
28.05	6
28.06	6
28.07	6
28.08	6
28.09	6
28.1	6
28.11	6
28.12	6
28.13	6
28.14	6
28.15	6
28.16	6
28.17	6
28.18	6
28.19	6
28.2	6
28.21	6
28.22	6
28.23	6
28.24	6
28.25	6
28.26	6
28.27	6
28.28	6
28.29	6
28.3	6
28.31	6
28.32	6
28.33	6
28.34	6
28.35	6
28.36	6
28.37	6
28.38	6
28.39	6
28.4	6
28.41	6
28.42	6
28.43	6
28.44	6
28.45	6
28.46	6
28.47	6
28.48	6
28.49	6
28.5	6
28.51	6
28.52	6
28.53	6
28.54	6
28.55	6
28.56	6
28.57	6
28.58	6
28.59	6
28.6	6
28.61	6
28.62	6
28.63	6
28.64	6
28.65	6
28.66	6
28.67	6
28.68	6
28.69	6
28.7	6
28.71	6
28.72	6
28.73	6
28.74	6
28.75	6
28.76	6
28.77	6
28.78	6
28.79	6
28.8	6
28.81	6
28.82	6
28.83	6
28.84	6
28.85	6
28.86	6
28.87	6
28.88	6
28.89	6
28.9	6
28.91	6
28.92	6
28.93	6
28.94	6
28.95	6
28.96	6
28.97	6
28.98	6
28.99	6
29	6
29.01	6
29.02	6
29.03	6
29.04	6
29.05	6
29.06	6
29.07	6
29.08	6
29.09	6
29.1	6
29.11	6
29.12	6
29.13	6
29.14	6
29.15	6
29.16	6
29.17	6
29.18	6
29.19	6
29.2	6
29.21	6
29.22	6
29.23	6
29.24	6
29.25	6
29.26	6
29.27	6
29.28	6
29.29	6
29.3	6
29.31	6
29.32	6
29.33	6
29.34	6
29.35	6
29.36	6
29.37	6
29.38	6
29.39	6
29.4	6
29.41	6
29.42	6
29.43	6
29.44	6
29.45	6
29.46	6
29.47	6
29.48	6
29.49	6
29.5	6
29.51	6
29.52	6
29.53	6
29.54	6
29.55	6
29.56	6
29.57	6
29.58	6
29.59	6
29.6	6
29.61	6
29.62	6
29.63	6
29.64	6
29.65	6
29.66	6
29.67	6
29.68	6
29.69	6
29.7	6
29.71	6
29.72	6
29.73	6
29.74	6
29.75	6
29.76	6
29.77	6
29.78	6
29.79	6
29.8	6
29.81	6
29.82	6
29.83	6
29.84	6
29.85	6
29.86	6
29.87	6
29.88	6
29.89	6
29.9	6
29.91	6
29.92	6
29.93	6
29.94	6
29.95	6
29.96	6
29.97	6
29.98	6
29.99	6
30	6
30.01	6
30.02	6
30.03	6
30.04	6
30.05	6
30.06	6
30.07	6
30.08	6
30.09	6
30.1	6
30.11	6
30.12	6
30.13	6
30.14	6
30.15	6
30.16	6
30.17	6
30.18	6
30.19	6
30.2	6
30.21	6
30.22	6
30.23	6
30.24	6
30.25	6
30.26	6
30.27	6
30.28	6
30.29	6
30.3	6
30.31	6
30.32	6
30.33	6
30.34	6
30.35	6
30.36	6
30.37	6
30.38	6
30.39	6
30.4	6
30.41	6
30.42	6
30.43	6
30.44	6
30.45	6
30.46	6
30.47	6
30.48	6
30.49	6
30.5	6
30.51	6
30.52	6
30.53	6
30.54	6
30.55	6
30.56	6
30.57	6
30.58	6
30.59	6
30.6	6
30.61	6
30.62	6
30.63	6
30.64	6
30.65	6
30.66	6
30.67	6
30.68	6
30.69	6
30.7	6
30.71	6
30.72	6
30.73	6
30.74	6
30.75	6
30.76	6
30.77	6
30.78	6
30.79	6
30.8	6
30.81	6
30.82	6
30.83	6
30.84	6
30.85	6
30.86	6
30.87	6
30.88	6
30.89	6
30.9	6
30.91	6
30.92	6
30.93	6
30.94	6
30.95	6
30.96	6
30.97	6
30.98	6
30.99	6
31	6
31.01	6
31.02	6
31.03	6
31.04	6
31.05	6
31.06	6
31.07	6
31.08	6
31.09	6
31.1	6
31.11	6
31.12	6
31.13	6
31.14	6
31.15	6
31.16	6
31.17	6
31.18	6
31.19	6
31.2	6
31.21	6
31.22	6
31.23	6
31.24	6
31.25	6
31.26	6
31.27	6
31.28	6
31.29	6
31.3	6
31.31	6
31.32	6
31.33	6
31.34	6
31.35	6
31.36	6
31.37	6
31.38	6
31.39	6
31.4	6
31.41	6
31.42	6
31.43	6
31.44	6
31.45	6
31.46	6
31.47	6
31.48	6
31.49	6
31.5	6
31.51	6
31.52	6
31.53	6
31.54	6
31.55	6
31.56	6
31.57	6
31.58	6
31.59	6
31.6	6
31.61	6
31.62	6
31.63	6
31.64	6
31.65	6
31.66	6
31.67	6
31.68	6
31.69	6
31.7	6
31.71	6
31.72	6
31.73	6
31.74	6
31.75	6
31.76	6
31.77	6
31.78	6
31.79	6
31.8	6
31.81	6
31.82	6
31.83	6
31.84	6
31.85	6
31.86	6
31.87	6
31.88	6
31.89	6
31.9	6
31.91	6
31.92	6
31.93	6
31.94	6
31.95	6
31.96	6
31.97	6
31.98	6
31.99	6
32	6
32.01	6
32.02	6
32.03	6
32.04	6
32.05	6
32.06	6
32.07	6
32.08	6
32.09	6
32.1	6
32.11	6
32.12	6
32.13	6
32.14	6
32.15	6
32.16	6
32.17	6
32.18	6
32.19	6
32.2	6
32.21	6
32.22	6
32.23	6
32.24	6
32.25	6
32.26	6
32.27	6
32.28	6
32.29	6
32.3	6
32.31	6
32.32	6
32.33	6
32.34	6
32.35	6
32.36	6
32.37	6
32.38	6
32.39	6
32.4	6
32.41	6
32.42	6
32.43	6
32.44	6
32.45	6
32.46	6
32.47	6
32.48	6
32.49	6
32.5	6
32.51	6
32.52	6
32.53	6
32.54	6
32.55	6
32.56	6
32.57	6
32.58	6
32.59	6
32.6	6
32.61	6
32.62	6
32.63	6
32.64	6
32.65	6
32.66	6
32.67	6
32.68	6
32.69	6
32.7	6
32.71	6
32.72	6
32.73	6
32.74	6
32.75	6
32.76	6
32.77	6
32.78	6
32.79	6
32.8	6
32.81	6
32.82	6
32.83	6
32.84	6
32.85	6
32.86	6
32.87	6
32.88	6
32.89	6
32.9	6
32.91	6
32.92	6
32.93	6
32.94	6
32.95	6
32.96	6
32.97	6
32.98	6
32.99	6
33	6
33.01	6
33.02	6
33.03	6
33.04	6
33.05	6
33.06	6
33.07	6
33.08	6
33.09	6
33.1	6
33.11	6
33.12	6
33.13	6
33.14	6
33.15	6
33.16	6
33.17	6
33.18	6
33.19	6
33.2	6
33.21	6
33.22	6
33.23	6
33.24	6
33.25	6
33.26	6
33.27	6
33.28	6
33.29	6
33.3	6
33.31	6
33.32	6
33.33	6
33.34	6
33.35	6
33.36	6
33.37	6
33.38	6
33.39	6
33.4	6
33.41	6
33.42	6
33.43	6
33.44	6
33.45	6
33.46	6
33.47	6
33.48	6
33.49	6
33.5	6
33.51	6
33.52	6
33.53	6
33.54	6
33.55	6
33.56	6
33.57	6
33.58	6
33.59	6
33.6	6
33.61	6
33.62	6
33.63	6
33.64	6
33.65	6
33.66	6
33.67	6
33.68	6
33.69	6
33.7	6
33.71	6
33.72	6
33.73	6
33.74	6
33.75	6
33.76	6
33.77	6
33.78	6
33.79	6
33.8	6
33.81	6
33.82	6
33.83	6
33.84	6
33.85	6
33.86	6
33.87	6
33.88	6
33.89	6
33.9	6
33.91	6
33.92	6
33.93	6
33.94	6
33.95	6
33.96	6
33.97	6
33.98	6
33.99	6
34	6
34.01	6
34.02	6
34.03	6
34.04	6
34.05	6
34.06	6
34.07	6
34.08	6
34.09	6
34.1	6
34.11	6
34.12	6
34.13	6
34.14	6
34.15	6
34.16	6
34.17	6
34.18	6
34.19	6
34.2	6
34.21	6
34.22	6
34.23	6
34.24	6
34.25	6
34.26	6
34.27	6
34.28	6
34.29	6
34.3	6
34.31	6
34.32	6
34.33	6
34.34	6
34.35	6
34.36	6
34.37	6
34.38	6
34.39	6
34.4	6
34.41	6
34.42	6
34.43	6
34.44	6
34.45	6
34.46	6
34.47	6
34.48	6
34.49	6
34.5	6
34.51	6
34.52	6
34.53	6
34.54	6
34.55	6
34.56	6
34.57	6
34.58	6
34.59	6
34.6	6
34.61	6
34.62	6
34.63	6
34.64	6
34.65	6
34.66	6
34.67	6
34.68	6
34.69	6
34.7	6
34.71	6
34.72	6
34.73	6
34.74	6
34.75	6
34.76	6
34.77	6
34.78	6
34.79	6
34.8	6
34.81	6
34.82	6
34.83	6
34.84	6
34.85	6
34.86	6
34.87	6
34.88	6
34.89	6
34.9	6
34.91	6
34.92	6
34.93	6
34.94	6
34.95	6
34.96	6
34.97	6
34.98	6
34.99	6
35	6
35.01	6
35.02	6
35.03	6
35.04	6
35.05	6
35.06	6
35.07	6
35.08	6
35.09	6
35.1	6
35.11	6
35.12	6
35.13	6
35.14	6
35.15	6
35.16	6
35.17	6
35.18	6
35.19	6
35.2	6
35.21	6
35.22	6
35.23	6
35.24	6
35.25	6
35.26	6
35.27	6
35.28	6
35.29	6
35.3	6
35.31	6
35.32	6
35.33	6
35.34	6
35.35	6
35.36	6
35.37	6
35.38	6
35.39	6
35.4	6
35.41	6
35.42	6
35.43	6
35.44	6
35.45	6
35.46	6
35.47	6
35.48	6
35.49	6
35.5	6
35.51	6
35.52	6
35.53	6
35.54	6
35.55	6
35.56	6
35.57	6
35.58	6
35.59	6
35.6	6
35.61	6
35.62	6
35.63	6
35.64	6
35.65	6
35.66	6
35.67	6
35.68	6
35.69	6
35.7	6
35.71	6
35.72	6
35.73	6
35.74	6
35.75	6
35.76	6
35.77	6
35.78	6
35.79	6
35.8	6
35.81	6
35.82	6
35.83	6
35.84	6
35.85	6
35.86	6
35.87	6
35.88	6
35.89	6
35.9	6
35.91	6
35.92	6
35.93	6
35.94	6
35.95	6
35.96	6
35.97	6
35.98	6
35.99	6
36	6
36.01	6
36.02	6
36.03	6
36.04	6
36.05	6
36.06	6
36.07	6
36.08	6
36.09	6
36.1	6
36.11	6
36.12	6
36.13	6
36.14	6
36.15	6
36.16	6
36.17	6
36.18	6
36.19	6
36.2	6
36.21	6
36.22	6
36.23	6
36.24	6
36.25	6
36.26	6
36.27	6
36.28	6
36.29	6
36.3	6
36.31	6
36.32	6
36.33	6
36.34	6
36.35	6
36.36	6
36.37	6
36.38	6
36.39	6
36.4	6
36.41	6
36.42	6
36.43	6
36.44	6
36.45	6
36.46	6
36.47	6
36.48	7
36.49	6
36.5	6
36.51	6
36.52	6
36.53	6
36.54	6
36.55	6
36.56	6
36.57	6
36.58	6
36.59	6
36.6	6
36.61	6
36.62	6
36.63	6
36.64	6
36.65	6
36.66	6
36.67	6
36.68	6
36.69	6
36.7	6
36.71	6
36.72	6
36.73	6
36.74	6
36.75	6
36.76	7
36.77	6
36.78	6
36.79	6
36.8	6
36.81	6
36.82	6
36.83	6
36.84	6
36.85	6
36.86	6
36.87	7
36.88	6
36.89	6
36.9	6
36.91	6
36.92	7
36.93	6
36.94	7
36.95	6
36.96	6
36.97	7
36.98	6
36.99	6
37	6
37.01	6
37.02	6
37.03	6
37.04	6
37.05	6
37.06	6
37.07	6
37.08	6
37.09	6
37.1	7
37.11	6
37.12	6
37.13	6
37.14	6
37.15	7
37.16	6
37.17	6
37.18	7
37.19	6
37.2	6
37.21	6
37.22	6
37.23	6
37.24	6
37.25	7
37.26	7
37.27	7
37.28	7
37.29	6
37.3	7
37.31	6
37.32	7
37.33	7
37.34	7
37.35	7
37.36	6
37.37	7
37.38	6
37.39	6
37.4	6
37.41	7
37.42	6
37.43	7
37.44	6
37.45	6
37.46	6
37.47	6
37.48	6
37.49	6
37.5	6
37.51	6
37.52	6
37.53	6
37.54	7
37.55	7
37.56	6
37.57	7
37.58	6
37.59	7
37.6	6
37.61	6
37.62	6
37.63	6
37.64	6
37.65	7
37.66	7
37.67	7
37.68	7
37.69	7
37.7	7
37.71	7
37.72	8
37.73	7
37.74	7
37.75	7
37.76	7
37.77	7
37.78	7
37.79	7
37.8	7
37.81	7
37.82	7
37.83	6
37.84	7
37.85	7
37.86	7
37.87	7
37.88	6
37.89	7
37.9	7
37.91	7
37.92	6
37.93	7
37.94	7
37.95	7
37.96	7
37.97	7
37.98	7
37.99	7
38	7
38.01	7
38.02	7
38.03	6
38.04	6
38.05	6
38.06	7
38.07	7
38.08	7
38.09	7
38.1	7
38.11	7
38.12	6
38.13	7
38.14	6
38.15	7
38.16	7
38.17	8
38.18	7
38.19	8
38.2	7
38.21	7
38.22	7
38.23	7
38.24	7
38.25	7
38.26	7
38.27	7
38.28	7
38.29	7
38.3	7
38.31	7
38.32	7
38.33	7
38.34	7
38.35	7
38.36	8
38.37	8
38.38	8
38.39	7
38.4	7
38.41	7
38.42	8
38.43	7
38.44	7
38.45	8
38.46	7
38.47	8
38.48	8
38.49	7
38.5	7
38.51	7
38.52	7
38.53	7
38.54	7
38.55	7
38.56	7
38.57	8
38.58	7
38.59	7
38.6	8
38.61	8
38.62	7
38.63	7
38.64	8
38.65	8
38.66	7
38.67	8
38.68	7
38.69	7
38.7	7
38.71	7
38.72	7
38.73	6
38.74	7
38.75	8
38.76	7
38.77	7
38.78	7
38.79	7
38.8	8
38.81	8
38.82	8
38.83	8
38.84	8
38.85	7
38.86	8
38.87	7
38.88	7
38.89	7
38.9	7
38.91	7
38.92	7
38.93	7
38.94	7
38.95	7
38.96	7
38.97	7
38.98	7
38.99	7
39	7
39.01	8
39.02	8
39.03	7
39.04	7
39.05	7
39.06	8
39.07	8
39.08	7
39.09	7
39.1	8
39.11	7
39.12	8
39.13	8
39.14	7
39.15	7
39.16	7
39.17	7
39.18	8
39.19	8
39.2	8
39.21	8
39.22	7
39.23	7
39.24	7
39.25	8
39.26	8
39.27	8
39.28	7
39.29	7
39.3	7
39.31	7
39.32	7
39.33	7
39.34	7
39.35	7
39.36	8
39.37	8
39.38	8
39.39	7
39.4	8
39.41	8
39.42	8
39.43	8
39.44	7
39.45	7
39.46	8
39.47	8
39.48	7
39.49	8
39.5	8
39.51	8
39.52	8
39.53	7
39.54	7
39.55	8
39.56	8
39.57	8
39.58	8
39.59	8
39.6	8
39.61	8
39.62	9
39.63	7
39.64	9
39.65	8
39.66	8
39.67	8
39.68	8
39.69	8
39.7	8
39.71	8
39.72	9
39.73	8
39.74	8
39.75	7
39.76	8
39.77	8
39.78	9
39.79	8
39.8	9
39.81	8
39.82	9
39.83	9
39.84	8
39.85	8
39.86	8
39.87	8
39.88	8
39.89	8
39.9	8
39.91	8
39.92	8
39.93	8
39.94	9
39.95	8
39.96	8
39.97	8
39.98	8
39.99	8
40	8
40.01	8
40.02	8
40.03	8
40.04	8
40.05	8
40.06	8
40.07	8
40.08	8
40.09	7
40.1	7
40.11	8
40.12	8
40.13	8
40.14	8
40.15	8
40.16	8
40.17	7
40.18	8
40.19	9
40.2	8
40.21	8
40.22	8
40.23	7
40.24	8
40.25	8
40.26	8
40.27	8
40.28	9
40.29	8
40.3	8
40.31	8
40.32	8
40.33	8
40.34	8
40.35	8
40.36	9
40.37	8
40.38	8
40.39	8
40.4	8
40.41	8
40.42	9
40.43	8
40.44	8
40.45	9
40.46	9
40.47	8
40.48	9
40.49	8
40.5	9
40.51	9
40.52	8
40.53	8
40.54	8
40.55	9
40.56	8
40.57	9
40.58	9
40.59	9
40.6	9
40.61	8
40.62	9
40.63	8
40.64	8
40.65	9
40.66	8
40.67	8
40.68	9
40.69	9
40.7	9
40.71	8
40.72	8
40.73	8
40.74	9
40.75	8
40.76	9
40.77	8
40.78	8
40.79	8
40.8	8
40.81	8
40.82	9
40.83	8
40.84	8
40.85	8
40.86	8
40.87	9
40.88	8
40.89	8
40.9	9
40.91	9
40.92	8
40.93	8
40.94	9
40.95	9
40.96	9
40.97	9
40.98	8
40.99	8
41	9
41.01	10
41.02	10
41.03	8
41.04	9
41.05	9
41.06	9
41.07	9
41.08	9
41.09	8
41.1	9
41.11	9
41.12	8
41.13	9
41.14	9
41.15	8
41.16	9
41.17	8
41.18	9
41.19	9
41.2	9
41.21	8
41.22	10
41.23	9
41.24	8
41.25	8
41.26	9
41.27	8
41.28	9
41.29	9
41.3	9
41.31	8
41.32	8
41.33	9
41.34	9
41.35	9
41.36	10
41.37	9
41.38	9
41.39	9
41.4	9
41.41	9
41.42	9
41.43	9
41.44	9
41.45	8
41.46	9
41.47	10
41.48	10
41.49	10
41.5	9
41.51	10
41.52	9
41.53	10
41.54	10
41.55	10
41.56	10
41.57	9
41.58	10
41.59	10
41.6	9
41.61	10
41.62	10
41.63	10
41.64	9
41.65	9
41.66	9
41.67	9
41.68	9
41.69	9
41.7	10
41.71	9
41.72	9
41.73	10
41.74	9
41.75	9
41.76	9
41.77	9
41.78	9
41.79	9
41.8	10
41.81	9
41.82	9
41.83	10
41.84	9
41.85	10
41.86	8
41.87	9
41.88	9
41.89	9
41.9	9
41.91	9
41.92	9
41.93	9
41.94	9
41.95	10
41.96	9
41.97	9
41.98	9
41.99	10
42	9
42.01	9
42.02	9
42.03	11
42.04	10
42.05	10
42.06	10
42.07	9
42.08	9
42.09	10
42.1	9
42.11	10
42.12	9
42.13	10
42.14	9
42.15	9
42.16	10
42.17	9
42.18	9
42.19	9
42.2	10
42.21	9
42.22	10
42.23	9
42.24	9
42.25	9
42.26	9
42.27	9
42.28	9
42.29	10
42.3	10
42.31	10
42.32	9
42.33	10
42.34	10
42.35	9
42.36	9
42.37	10
42.38	9
42.39	10
42.4	10
42.41	9
42.42	11
42.43	10
42.44	10
42.45	11
42.46	10
42.47	10
42.48	10
42.49	10
42.5	9
42.51	9
42.52	10
42.53	9
42.54	10
42.55	10
42.56	9
42.57	10
42.58	10
42.59	10
42.6	10
42.61	9
42.62	10
42.63	10
42.64	10
42.65	10
42.66	11
42.67	10
42.68	10
42.69	9
42.7	9
42.71	10
42.72	9
42.73	9
42.74	10
42.75	10
42.76	10
42.77	11
42.78	10
42.79	10
42.8	11
42.81	11
42.82	10
42.83	11
42.84	10
42.85	11
42.86	11
42.87	10
42.88	11
42.89	11
42.9	10
42.91	10
42.92	11
42.93	10
42.94	10
42.95	9
42.96	10
42.97	9
42.98	10
42.99	10
43	11
43.01	9
43.02	10
43.03	10
43.04	9
43.05	10
43.06	10
43.07	9
43.08	10
43.09	10
43.1	10
43.11	10
43.12	10
43.13	10
43.14	9
43.15	10
43.16	10
43.17	10
43.18	10
43.19	10
43.2	10
43.21	10
43.22	10
43.23	10
43.24	10
43.25	11
43.26	10
43.27	10
43.28	10
43.29	10
43.3	10
43.31	10
43.32	11
43.33	9
43.34	11
43.35	10
43.36	10
43.37	10
43.38	10
43.39	10
43.4	11
43.41	10
43.42	10
43.43	10
43.44	10
43.45	9
43.46	10
43.47	10
43.48	9
43.49	10
43.5	10
43.51	10
43.52	10
43.53	10
43.54	10
43.55	11
43.56	9
43.57	10
43.58	10
43.59	10
43.6	10
43.61	10
43.62	10
43.63	9
43.64	10
43.65	9
43.66	10
43.67	10
43.68	10
43.69	10
43.7	10
43.71	10
43.72	10
43.73	10
43.74	10
43.75	11
43.76	10
43.77	11
43.78	11
43.79	10
43.8	10
43.81	10
43.82	10
43.83	10
43.84	10
43.85	10
43.86	10
43.87	9
43.88	10
43.89	9
43.9	10
43.91	9
43.92	10
43.93	10
43.94	10
43.95	9
43.96	9
43.97	10
43.98	10
43.99	10
44	11
44.01	9
44.02	11
44.03	9
44.04	10
44.05	10
44.06	10
44.07	9
44.08	10
44.09	10
44.1	11
44.11	10
44.12	11
44.13	10
44.14	10
44.15	10
44.16	10
44.17	10
44.18	10
44.19	9
44.2	10
44.21	10
44.22	10
44.23	10
44.24	10
44.25	10
44.26	10
44.27	10
44.28	11
44.29	11
44.3	11
44.31	10
44.32	10
44.33	11
44.34	10
44.35	11
44.36	10
44.37	10
44.38	10
44.39	11
44.4	10
44.41	9
44.42	9
44.43	10
44.44	9
44.45	10
44.46	10
44.47	11
44.48	10
44.49	11
44.5	10
44.51	11
44.52	11
44.53	10
44.54	11
44.55	10
44.56	10
44.57	10
44.58	10
44.59	10
44.6	11
44.61	10
44.62	10
44.63	10
44.64	10
44.65	11
44.66	11
44.67	10
44.68	11
44.69	10
44.7	12
44.71	11
44.72	10
44.73	11
44.74	10
44.75	10
44.76	10
44.77	10
44.78	11
44.79	10
44.8	11
44.81	9
44.82	11
44.83	11
44.84	10
44.85	11
44.86	10
44.87	10
44.88	10
44.89	10
44.9	10
44.91	10
44.92	10
44.93	10
44.94	10
44.95	10
44.96	10
44.97	10
44.98	9
44.99	10
45	11
45.01	11
45.02	11
45.03	10
45.04	11
45.05	10
45.06	10
45.07	10
45.08	11
45.09	11
45.1	10
45.11	10
45.12	11
45.13	10
45.14	11
45.15	10
45.16	10
45.17	10
45.18	10
45.19	11
45.2	10
45.21	10
45.22	10
45.23	10
45.24	10
45.25	10
45.26	10
45.27	10
45.28	11
45.29	10
45.3	11
45.31	10
45.32	10
45.33	12
45.34	11
45.35	10
45.36	10
45.37	11
45.38	11
45.39	10
45.4	10
45.41	11
45.42	11
45.43	10
45.44	10
45.45	10
45.46	11
45.47	10
45.48	11
45.49	11
45.5	10
45.51	11
45.52	11
45.53	10
45.54	10
45.55	11
45.56	10
45.57	11
45.58	11
45.59	11
45.6	11
45.61	11
45.62	10
45.63	10
45.64	10
45.65	10
45.66	11
45.67	10
45.68	10
45.69	11
45.7	10
45.71	11
45.72	11
45.73	10
45.74	11
45.75	10
45.76	11
45.77	11
45.78	11
45.79	10
45.8	11
45.81	10
45.82	10
45.83	10
45.84	11
45.85	11
45.86	11
45.87	11
45.88	11
45.89	11
45.9	12
45.91	11
45.92	11
45.93	11
45.94	11
45.95	11
45.96	11
45.97	10
45.98	10
45.99	10
46	11
46.01	11
46.02	10
46.03	11
46.04	10
46.05	11
46.06	10
46.07	11
46.08	10
46.09	10
46.1	11
46.11	10
46.12	10
46.13	11
46.14	10
46.15	10
46.16	11
46.17	11
46.18	10
46.19	10
46.2	10
46.21	11
46.22	11
46.23	12
46.24	12
46.25	11
46.26	12
46.27	11
46.28	11
46.29	11
46.3	10
46.31	11
46.32	11
46.33	10
46.34	10
46.35	10
46.36	10
46.37	10
46.38	10
46.39	10
46.4	10
46.41	11
46.42	11
46.43	10
46.44	11
46.45	11
46.46	11
46.47	11
46.48	10
46.49	10
46.5	10
46.51	10
46.52	11
46.53	10
46.54	11
46.55	10
46.56	10
46.57	11
46.58	11
46.59	11
46.6	11
46.61	10
46.62	11
46.63	11
46.64	11
46.65	11
46.66	11
46.67	11
46.68	11
46.69	11
46.7	11
46.71	11
46.72	11
46.73	11
46.74	10
46.75	11
46.76	11
46.77	10
46.78	10
46.79	10
46.8	10
46.81	11
46.82	11
46.83	10
46.84	11
46.85	11
46.86	9
46.87	11
46.88	10
46.89	10
46.9	10
46.91	9
46.92	10
46.93	10
46.94	11
46.95	10
46.96	11
46.97	10
46.98	10
46.99	10
47	11
47.01	11
47.02	10
47.03	11
47.04	10
47.05	10
47.06	10
47.07	10
47.08	10
47.09	10
47.1	10
47.11	10
47.12	11
47.13	10
47.14	11
47.15	10
47.16	10
47.17	10
47.18	10
47.19	11
47.2	11
47.21	10
47.22	11
47.23	10
47.24	10
47.25	10
47.26	11
47.27	10
47.28	10
47.29	10
47.3	12
47.31	11
47.32	11
47.33	11
47.34	11
47.35	11
47.36	10
47.37	11
47.38	10
47.39	12
47.4	10
47.41	10
47.42	9
47.43	9
47.44	10
47.45	10
47.46	10
47.47	11
47.48	11
47.49	10
47.5	10
47.51	10
47.52	9
47.53	10
47.54	10
47.55	10
47.56	10
47.57	10
47.58	10
47.59	11
47.6	11
47.61	11
47.62	11
47.63	10
47.64	10
47.65	10
47.66	11
47.67	10
47.68	10
47.69	10
47.7	10
47.71	11
47.72	10
47.73	10
47.74	10
47.75	10
47.76	10
47.77	9
47.78	11
47.79	9
47.8	10
47.81	9
47.82	10
47.83	11
47.84	10
47.85	10
47.86	10
47.87	9
47.88	10
47.89	10
47.9	10
47.91	10
47.92	10
47.93	10
47.94	11
47.95	11
47.96	10
47.97	10
47.98	11
47.99	10
48	10
48.01	11
48.02	10
48.03	9
48.04	10
48.05	10
48.06	10
48.07	9
48.08	10
48.09	10
48.1	10
48.11	10
48.12	11
48.13	11
48.14	10
48.15	11
48.16	11
48.17	11
48.18	10
48.19	11
48.2	11
48.21	11
48.22	10
48.23	10
48.24	10
48.25	10
48.26	10
48.27	9
48.28	10
48.29	11
48.3	10
48.31	10
48.32	10
48.33	9
48.34	10
48.35	11
48.36	10
48.37	10
48.38	11
48.39	11
48.4	11
48.41	10
48.42	10
48.43	11
48.44	10
48.45	11
48.46	10
48.47	10
48.48	12
48.49	11
48.5	11
48.51	11
48.52	11
48.53	11
48.54	10
48.55	10
48.56	10
48.57	11
48.58	10
48.59	11
48.6	10
48.61	10
48.62	10
48.63	10
48.64	10
48.65	10
48.66	11
48.67	11
48.68	11
48.69	10
48.7	11
48.71	10
48.72	11
48.73	10
48.74	10
48.75	11
48.76	11
48.77	10
48.78	10
48.79	10
48.8	10
48.81	10
48.82	11
48.83	11
48.84	10
48.85	10
48.86	10
48.87	11
48.88	10
48.89	10
48.9	11
48.91	10
48.92	10
48.93	10
48.94	10
48.95	11
48.96	10
48.97	10
48.98	10
48.99	10
49	10
49.01	11
49.02	10
49.03	10
49.04	11
49.05	10
49.06	10
49.07	10
49.08	10
49.09	11
49.1	10
49.11	10
49.12	10
49.13	10
49.14	9
49.15	10
49.16	10
49.17	10
49.18	10
49.19	10
49.2	10
49.21	10
49.22	10
49.23	10
49.24	10
49.25	10
49.26	10
49.27	10
49.28	11
49.29	9
49.3	10
49.31	10
49.32	10
49.33	10
49.34	10
49.35	10
49.36	10
49.37	10
49.38	10
49.39	10
49.4	10
49.41	10
49.42	9
49.43	11
49.44	10
49.45	11
49.46	11
49.47	11
49.48	10
49.49	11
49.5	10
49.51	11
49.52	10
49.53	10
49.54	11
49.55	10
49.56	11
49.57	10
49.58	10
49.59	11
49.6	10
49.61	10
49.62	10
49.63	10
49.64	10
49.65	10
49.66	11
49.67	11
49.68	11
49.69	10
49.7	10
49.71	10
49.72	11
49.73	11
49.74	10
49.75	11
49.76	10
49.77	10
49.78	11
49.79	11
49.8	11
49.81	10
49.82	10
49.83	10
49.84	10
49.85	10
49.86	10
49.87	10
49.88	10
49.89	11
49.9	10
49.91	11
49.92	10
49.93	11
49.94	10
49.95	11
49.96	11
49.97	10
49.98	10
49.99	10
50	9
50.01	10
50.02	9
50.03	9
50.04	9
50.05	11
50.06	10
50.07	10
50.08	11
50.09	10
50.1	11
50.11	10
50.12	10
50.13	11
50.14	10
50.15	11
50.16	11
50.17	10
50.18	10
50.19	10
50.2	10
50.21	11
50.22	10
50.23	11
50.24	9
50.25	11
50.26	10
50.27	9
50.28	10
50.29	10
50.3	10
50.31	10
50.32	10
50.33	9
50.34	10
50.35	10
50.36	10
50.37	10
50.38	9
50.39	10
50.4	10
50.41	10
50.42	10
50.43	10
50.44	11
50.45	11
50.46	11
50.47	10
50.48	9
50.49	11
50.5	10
50.51	10
50.52	10
50.53	11
50.54	10
50.55	10
50.56	10
50.57	11
50.58	11
50.59	11
50.6	10
50.61	10
50.62	11
50.63	11
50.64	11
50.65	10
50.66	10
50.67	10
50.68	10
50.69	10
50.7	11
50.71	10
50.72	10
50.73	10
50.74	10
50.75	11
50.76	10
50.77	10
50.78	11
50.79	10
50.8	9
50.81	9
50.82	9
50.83	11
50.84	10
50.85	10
50.86	10
50.87	10
50.88	10
50.89	10
50.9	10
50.91	10
50.92	10
50.93	10
50.94	11
50.95	10
50.96	10
50.97	10
50.98	9
50.99	11
51	10
51.01	10
51.02	10
51.03	10
51.04	10
51.05	10
51.06	10
51.07	11
51.08	10
51.09	10
51.1	10
51.11	9
51.12	11
51.13	11
51.14	10
51.15	11
51.16	9
51.17	10
51.18	10
51.19	11
51.2	11
51.21	10
51.22	10
51.23	10
51.24	10
51.25	11
51.26	10
51.27	11
51.28	10
51.29	12
51.3	10
51.31	11
51.32	10
51.33	11
51.34	11
51.35	9
51.36	9
51.37	10
51.38	10
51.39	9
51.4	9
51.41	10
51.42	10
51.43	10
51.44	10
51.45	10
51.46	10
51.47	11
51.48	10
51.49	10
51.5	10
51.51	11
51.52	10
51.53	10
51.54	10
51.55	9
51.56	10
51.57	10
51.58	11
51.59	11
51.6	10
51.61	11
51.62	10
51.63	10
51.64	9
51.65	11
51.66	10
51.67	10
51.68	10
51.69	10
51.7	10
51.71	11
51.72	10
51.73	11
51.74	9
51.75	10
51.76	11
51.77	10
51.78	10
51.79	10
51.8	10
51.81	10
51.82	10
51.83	11
51.84	10
51.85	11
51.86	10
51.87	10
51.88	9
51.89	9
51.9	10
51.91	10
51.92	9
51.93	9
51.94	10
51.95	11
51.96	10
51.97	11
51.98	11
51.99	11
52	11
52.01	10
52.02	9
52.03	11
52.04	10
52.05	10
52.06	10
52.07	11
52.08	11
52.09	10
52.1	10
52.11	10
52.12	10
52.13	10
52.14	10
52.15	10
52.16	10
52.17	10
52.18	9
52.19	10
52.2	10
52.21	10
52.22	10
52.23	10
52.24	10
52.25	10
52.26	10
52.27	9
52.28	9
52.29	10
52.3	10
52.31	11
52.32	10
52.33	10
52.34	9
52.35	10
52.36	10
52.37	9
52.38	10
52.39	9
52.4	11
52.41	11
52.42	11
52.43	11
52.44	10
52.45	11
52.46	10
52.47	10
52.48	10
52.49	11
52.5	10
52.51	10
52.52	11
52.53	10
52.54	10
52.55	10
52.56	10
52.57	10
52.58	11
52.59	10
52.6	10
52.61	10
52.62	9
52.63	10
52.64	10
52.65	9
52.66	10
52.67	10
52.68	10
52.69	10
52.7	9
52.71	9
52.72	10
52.73	10
52.74	11
52.75	10
52.76	11
52.77	11
52.78	10
52.79	10
52.8	10
52.81	10
52.82	11
52.83	11
52.84	11
52.85	11
52.86	11
52.87	10
52.88	10
52.89	10
52.9	10
52.91	11
52.92	9
52.93	10
52.94	10
52.95	10
52.96	10
52.97	10
52.98	10
52.99	10
53	10
53.01	10
53.02	11
53.03	10
53.04	11
53.05	11
53.06	10
53.07	10
53.08	10
53.09	10
53.1	10
53.11	10
53.12	11
53.13	11
53.14	10
53.15	10
53.16	10
53.17	10
53.18	10
53.19	10
53.2	11
53.21	11
53.22	10
53.23	10
53.24	9
53.25	9
53.26	11
53.27	11
53.28	10
53.29	10
53.3	10
53.31	10
53.32	11
53.33	10
53.34	11
53.35	10
53.36	11
53.37	10
53.38	10
53.39	10
53.4	10
53.41	11
53.42	10
53.43	11
53.44	10
53.45	11
53.46	10
53.47	11
53.48	11
53.49	10
53.5	10
53.51	10
53.52	11
53.53	10
53.54	11
53.55	11
53.56	11
53.57	10
53.58	11
53.59	10
53.6	10
53.61	10
53.62	10
53.63	10
53.64	11
53.65	10
53.66	11
53.67	9
53.68	10
53.69	10
53.7	10
53.71	9
53.72	10
53.73	10
53.74	10
53.75	10
53.76	10
53.77	11
53.78	11
53.79	10
53.8	10
53.81	11
53.82	10
53.83	10
53.84	10
53.85	10
53.86	10
53.87	9
53.88	10
53.89	10
53.9	10
53.91	10
53.92	10
53.93	11
53.94	10
53.95	11
53.96	11
53.97	10
53.98	10
53.99	10
54	10
54.01	10
54.02	9
54.03	11
54.04	10
54.05	10
54.06	11
54.07	11
54.08	11
54.09	10
54.1	11
54.11	11
54.12	10
54.13	12
54.14	10
54.15	10
54.16	10
54.17	10
54.18	10
54.19	11
54.2	10
54.21	11
54.22	10
54.23	11
54.24	10
54.25	10
54.26	10
54.27	10
54.28	11
54.29	10
54.3	10
54.31	10
54.32	10
54.33	10
54.34	10
54.35	11
54.36	10
54.37	10
54.38	11
54.39	10
54.4	10
54.41	10
54.42	10
54.43	11
54.44	11
54.45	10
54.46	10
54.47	10
54.48	10
54.49	10
54.5	10
54.51	9
54.52	10
54.53	11
54.54	10
54.55	9
54.56	10
54.57	10
54.58	10
54.59	10
54.6	10
54.61	10
54.62	9
54.63	10
54.64	10
54.65	10
54.66	11
54.67	11
54.68	10
54.69	10
54.7	10
54.71	10
54.72	11
54.73	10
54.74	10
54.75	10
54.76	10
54.77	11
54.78	11
54.79	11
54.8	11
54.81	10
54.82	10
54.83	11
54.84	11
54.85	10
54.86	10
54.87	10
54.88	10
54.89	10
54.9	9
54.91	10
54.92	11
54.93	10
54.94	11
54.95	10
54.96	10
54.97	10
54.98	10
54.99	10
55	10
55.01	10
55.02	10
55.03	10
55.04	10
55.05	11
55.06	10
55.07	10
55.08	10
55.09	10
55.1	10
55.11	10
55.12	10
55.13	9
55.14	10
55.15	10
55.16	9
55.17	9
55.18	10
55.19	10
55.2	11
55.21	10
55.22	10
55.23	11
55.24	10
55.25	10
55.26	10
55.27	10
55.28	9
55.29	10
55.3	9
55.31	10
55.32	10
55.33	10
55.34	10
55.35	10
55.36	11
55.37	9
55.38	10
55.39	10
55.4	10
55.41	10
55.42	10
55.43	10
55.44	11
55.45	11
55.46	11
55.47	10
55.48	10
55.49	11
55.5	10
55.51	10
55.52	10
55.53	10
55.54	10
55.55	10
55.56	11
55.57	10
55.58	11
55.59	10
55.6	10
55.61	10
55.62	10
55.63	9
55.64	10
55.65	10
55.66	9
55.67	10
55.68	10
55.69	10
55.7	10
55.71	10
55.72	10
55.73	10
55.74	10
55.75	9
55.76	10
55.77	10
55.78	11
55.79	10
55.8	11
55.81	10
55.82	11
55.83	9
55.84	10
55.85	10
55.86	10
55.87	10
55.88	11
55.89	11
55.9	11
55.91	11
55.92	10
55.93	11
55.94	10
55.95	10
55.96	9
55.97	10
55.98	10
55.99	10
56	10
56.01	10
56.02	10
56.03	10
56.04	9
56.05	10
56.06	9
56.07	10
56.08	10
56.09	10
56.1	10
56.11	10
56.12	10
56.13	10
56.14	10
56.15	11
56.16	10
56.17	10
56.18	9
56.19	11
56.2	9
56.21	10
56.22	10
56.23	10
56.24	10
56.25	10
56.26	10
56.27	9
56.28	10
56.29	9
56.3	9
56.31	9
56.32	9
56.33	11
56.34	11
56.35	10
56.36	9
56.37	9
56.38	9
56.39	9
56.4	9
56.41	9
56.42	11
56.43	11
56.44	11
56.45	10
56.46	9
56.47	10
56.48	10
56.49	11
56.5	10
56.51	10
56.52	10
56.53	10
56.54	10
56.55	10
56.56	10
56.57	11
56.58	9
56.59	10
56.6	10
56.61	10
56.62	10
56.63	10
56.64	10
56.65	10
56.66	10
56.67	10
56.68	10
56.69	10
56.7	9
56.71	11
56.72	10
56.73	10
56.74	10
56.75	9
56.76	10
56.77	10
56.78	9
56.79	10
56.8	10
56.81	10
56.82	10
56.83	11
56.84	10
56.85	11
56.86	10
56.87	10
56.88	10
56.89	10
56.9	11
56.91	10
56.92	11
56.93	11
56.94	10
56.95	11
56.96	10
56.97	10
56.98	10
56.99	10
57	10
57.01	10
57.02	10
57.03	10
57.04	10
57.05	10
57.06	10
57.07	10
57.08	10
57.09	11
57.1	10
57.11	10
57.12	10
57.13	10
57.14	11
57.15	10
57.16	10
57.17	10
57.18	10
57.19	11
57.2	10
57.21	11
57.22	11
57.23	10
57.24	10
57.25	10
57.26	10
57.27	11
57.28	10
57.29	10
57.3	11
57.31	10
57.32	11
57.33	10
57.34	10
57.35	10
57.36	10
57.37	10
57.38	10
57.39	10
57.4	10
57.41	11
57.42	11
57.43	10
57.44	11
57.45	10
57.46	11
57.47	10
57.48	10
57.49	11
57.5	10
57.51	10
57.52	10
57.53	10
57.54	10
57.55	10
57.56	10
57.57	10
57.58	10
57.59	9
57.6	10
57.61	10
57.62	10
57.63	10
57.64	10
57.65	10
57.66	10
57.67	10
57.68	10
57.69	10
57.7	9
57.71	10
57.72	11
57.73	9
57.74	11
57.75	9
57.76	9
57.77	10
57.78	9
57.79	10
57.8	10
57.81	9
57.82	9
57.83	10
57.84	9
57.85	10
57.86	9
57.87	10
57.88	10
57.89	10
57.9	10
57.91	10
57.92	10
57.93	11
57.94	10
57.95	10
57.96	10
57.97	9
57.98	10
57.99	11
58	11
58.01	11
58.02	10
58.03	10
58.04	11
58.05	10
58.06	11
58.07	11
58.08	11
58.09	10
58.1	10
58.11	10
58.12	10
58.13	10
58.14	10
58.15	11
58.16	10
58.17	10
58.18	10
58.19	11
58.2	11
58.21	10
58.22	11
58.23	11
58.24	10
58.25	11
58.26	10
58.27	10
58.28	10
58.29	10
58.3	11
58.31	11
58.32	10
58.33	10
58.34	10
58.35	11
58.36	10
58.37	10
58.38	10
58.39	10
58.4	9
58.41	10
58.42	10
58.43	10
58.44	9
58.45	10
58.46	10
58.47	10
58.48	10
58.49	10
58.5	10
58.51	10
58.52	10
58.53	11
58.54	10
58.55	10
58.56	10
58.57	10
58.58	10
58.59	9
58.6	9
58.61	10
58.62	11
58.63	10
58.64	11
58.65	10
58.66	10
58.67	10
58.68	10
58.69	10
58.7	11
58.71	10
58.72	10
58.73	10
58.74	10
58.75	10
58.76	10
58.77	10
58.78	9
58.79	10
58.8	10
58.81	10
58.82	11
58.83	10
58.84	10
58.85	10
58.86	10
58.87	10
58.88	10
58.89	10
58.9	11
58.91	10
58.92	11
58.93	10
58.94	10
58.95	10
58.96	10
58.97	10
58.98	10
58.99	9
59	11
59.01	10
59.02	10
59.03	10
59.04	10
59.05	10
59.06	11
59.07	10
59.08	10
59.09	11
59.1	10
59.11	11
59.12	10
59.13	11
59.14	10
59.15	10
59.16	11
59.17	10
59.18	11
59.19	10
59.2	10
59.21	10
59.22	10
59.23	10
59.24	9
59.25	10
59.26	10
59.27	10
59.28	11
59.29	10
59.3	11
59.31	10
59.32	10
59.33	10
59.34	10
59.35	9
59.36	10
59.37	10
59.38	11
59.39	10
59.4	10
59.41	11
59.42	10
59.43	10
59.44	10
59.45	10
59.46	10
59.47	10
59.48	10
59.49	10
59.5	10
59.51	10
59.52	10
59.53	10
59.54	10
59.55	10
59.56	11
59.57	10
59.58	10
59.59	10
59.6	10
59.61	10
59.62	11
59.63	10
59.64	10
59.65	10
59.66	10
59.67	10
59.68	10
59.69	11
59.7	10
59.71	10
59.72	11
59.73	10
59.74	11
59.75	10
59.76	11
59.77	11
59.78	10
59.79	11
59.8	11
59.81	10
59.82	10
59.83	11
59.84	10
59.85	11
59.86	10
59.87	10
59.88	10
59.89	11
59.9	10
59.91	11
59.92	10
59.93	11
59.94	11
59.95	10
59.96	10
59.97	10
59.98	10
59.99	10
60	10
60.01	10
60.02	10
60.03	11
60.04	10
60.05	10
60.06	11
60.07	10
60.08	11
60.09	10
60.1	11
60.11	10
60.12	11
60.13	10
60.14	9
60.15	10
60.16	10
60.17	10
60.18	10
60.19	11
60.2	9
60.21	10
60.22	9
60.23	10
60.24	10
60.25	10
60.26	10
60.27	10
60.28	11
60.29	11
60.3	11
60.31	10
60.32	11
60.33	10
60.34	11
60.35	10
60.36	9
60.37	11
60.38	10
60.39	10
60.4	10
60.41	10
60.42	10
60.43	10
60.44	10
60.45	10
60.46	10
60.47	10
60.48	9
60.49	10
60.5	10
60.51	10
60.52	9
60.53	10
60.54	10
60.55	10
60.56	11
60.57	10
60.58	10
60.59	10
60.6	10
60.61	9
60.62	9
60.63	10
60.64	9
60.65	9
60.66	9
60.67	10
60.68	10
60.69	10
60.7	11
60.71	10
60.72	10
60.73	10
60.74	10
60.75	10
60.76	9
60.77	9
60.78	10
60.79	10
60.8	10
60.81	11
60.82	9
60.83	10
60.84	10
60.85	10
60.86	10
60.87	11
60.88	11
60.89	10
60.9	10
60.91	10
60.92	10
60.93	10
60.94	10
60.95	9
60.96	11
60.97	11
60.98	11
60.99	11
61	11
61.01	11
61.02	10
61.03	10
61.04	11
61.05	10
61.06	10
61.07	11
61.08	11
61.09	10
61.1	11
61.11	10
61.12	10
61.13	10
61.14	11
61.15	11
61.16	11
61.17	10
61.18	10
61.19	10
61.2	11
61.21	9
61.22	11
61.23	11
61.24	10
61.25	11
61.26	11
61.27	11
61.28	10
61.29	10
61.3	10
61.31	10
61.32	11
61.33	11
61.34	10
61.35	11
61.36	10
61.37	10
61.38	11
61.39	10
61.4	11
61.41	9
61.42	10
61.43	11
61.44	10
61.45	10
61.46	11
61.47	10
61.48	11
61.49	10
61.5	11
61.51	11
61.52	11
61.53	11
61.54	11
61.55	10
61.56	10
61.57	10
61.58	9
61.59	10
61.6	10
61.61	11
61.62	10
61.63	9
61.64	10
61.65	10
61.66	10
61.67	11
61.68	10
61.69	10
61.7	10
61.71	11
61.72	10
61.73	10
61.74	10
61.75	10
61.76	10
61.77	9
61.78	11
61.79	11
61.8	10
61.81	9
61.82	10
61.83	10
61.84	10
61.85	10
61.86	11
61.87	9
61.88	10
61.89	9
61.9	10
61.91	10
61.92	10
61.93	10
61.94	10
61.95	10
61.96	10
61.97	10
61.98	10
61.99	10
62	10
62.01	10
62.02	10
62.03	10
62.04	9
62.05	9
62.06	10
62.07	10
62.08	10
62.09	10
62.1	10
62.11	10
62.12	10
62.13	10
62.14	10
62.15	10
62.16	10
62.17	10
62.18	10
62.19	10
62.2	10
62.21	10
62.22	10
62.23	10
62.24	10
62.25	10
62.26	10
62.27	10
62.28	10
62.29	9
62.3	9
62.31	10
62.32	10
62.33	10
62.34	10
62.35	11
62.36	10
62.37	10
62.38	10
62.39	10
62.4	11
62.41	10
62.42	10
62.43	11
62.44	10
62.45	10
62.46	10
62.47	11
62.48	11
62.49	11
62.5	10
62.51	10
62.52	10
62.53	10
62.54	10
62.55	10
62.56	10
62.57	10
62.58	10
62.59	10
62.6	10
62.61	11
62.62	9
62.63	11
62.64	10
62.65	11
62.66	11
62.67	9
62.68	11
62.69	9
62.7	11
62.71	10
62.72	9
62.73	10
62.74	10
62.75	10
62.76	10
62.77	10
62.78	10
62.79	9
62.8	10
62.81	11
62.82	11
62.83	11
62.84	9
62.85	11
62.86	10
62.87	10
62.88	11
62.89	11
62.9	10
62.91	10
62.92	10
62.93	10
62.94	10
62.95	10
62.96	11
62.97	10
62.98	10
62.99	10
63	9
63.01	10
63.02	10
63.03	10
63.04	10
63.05	10
63.06	11
63.07	10
63.08	10
63.09	10
63.1	11
63.11	10
63.12	10
63.13	10
63.14	10
63.15	11
63.16	10
63.17	10
63.18	10
63.19	10
63.2	10
63.21	11
63.22	10
63.23	10
63.24	10
63.25	10
63.26	10
63.27	10
63.28	10
63.29	9
63.3	10
63.31	10
63.32	10
63.33	9
63.34	10
63.35	10
63.36	10
63.37	10
63.38	10
63.39	9
63.4	10
63.41	10
63.42	10
63.43	10
63.44	10
63.45	11
63.46	11
63.47	11
63.48	10
63.49	11
63.5	10
63.51	10
63.52	10
63.53	10
63.54	10
63.55	10
63.56	9
63.57	10
63.58	9
63.59	10
63.6	10
63.61	10
63.62	10
63.63	11
63.64	9
63.65	10
63.66	9
63.67	11
63.68	10
63.69	10
63.7	10
63.71	10
63.72	11
63.73	10
63.74	10
63.75	10
63.76	9
63.77	10
63.78	10
63.79	10
63.8	10
63.81	10
63.82	10
63.83	10
63.84	10
63.85	10
63.86	11
63.87	11
63.88	10
63.89	10
63.9	10
63.91	11
63.92	10
63.93	10
63.94	10
63.95	10
63.96	10
63.97	11
63.98	11
63.99	11
64	11
64.01	11
64.02	10
64.03	11
64.04	11
64.05	10
64.06	11
64.07	10
64.08	11
64.09	10
64.1	11
64.11	10
64.12	10
64.13	9
64.14	10
64.15	11
64.16	10
64.17	10
64.18	11
64.19	10
64.2	9
64.21	9
64.22	10
64.23	11
64.24	11
64.25	10
64.26	11
64.27	10
64.28	10
64.29	10
64.3	11
64.31	10
64.32	10
64.33	10
64.34	10
64.35	11
64.36	10
64.37	10
64.38	10
64.39	10
64.4	10
64.41	10
64.42	9
64.43	10
64.44	10
64.45	10
64.46	10
64.47	11
64.48	10
64.49	10
64.5	10
64.51	10
64.52	10
64.53	10
64.54	10
64.55	9
64.56	10
64.57	9
64.58	9
64.59	10
64.6	10
64.61	9
64.62	9
64.63	9
64.64	10
64.65	11
64.66	10
64.67	11
64.68	9
64.69	10
64.7	10
64.71	11
64.72	10
64.73	10
64.74	10
64.75	10
64.76	10
64.77	10
64.78	10
64.79	11
64.8	10
64.81	10
64.82	10
64.83	10
64.84	10
64.85	10
64.86	10
64.87	11
64.88	10
64.89	10
64.9	10
64.91	10
64.92	10
64.93	10
64.94	10
64.95	10
64.96	10
64.97	10
64.98	9
64.99	10
65	10
65.01	10
65.02	10
65.03	10
65.04	10
65.05	10
65.06	10
65.07	10
65.08	10
65.09	11
65.1	10
65.11	11
65.12	10
65.13	10
65.14	10
65.15	9
65.16	10
65.17	10
65.18	10
65.19	10
65.2	10
65.21	10
65.22	10
65.23	10
65.24	10
65.25	10
65.26	10
65.27	10
65.28	10
65.29	10
65.3	11
65.31	10
65.32	11
65.33	11
65.34	10
65.35	11
65.36	10
65.37	10
65.38	10
65.39	11
65.4	10
65.41	11
65.42	11
65.43	10
65.44	10
65.45	10
65.46	11
65.47	10
65.48	10
65.49	11
65.5	11
65.51	11
65.52	11
65.53	11
65.54	11
65.55	10
65.56	10
65.57	10
65.58	10
65.59	9
65.6	10
65.61	10
65.62	10
65.63	10
65.64	11
65.65	11
65.66	10
65.67	11
65.68	10
65.69	10
65.7	11
65.71	10
65.72	10
65.73	10
65.74	10
65.75	10
65.76	11
65.77	10
65.78	10
65.79	12
65.8	11
65.81	10
65.82	10
65.83	10
65.84	10
65.85	10
65.86	10
65.87	10
65.88	10
65.89	10
65.9	11
65.91	10
65.92	11
65.93	10
65.94	10
65.95	10
65.96	9
65.97	10
65.98	10
65.99	10
66	10
66.01	10
66.02	11
66.03	10
66.04	11
66.05	10
66.06	9
66.07	10
66.08	10
66.09	11
66.1	10
66.11	10
66.12	10
66.13	9
66.14	10
66.15	9
66.16	9
66.17	11
66.18	10
66.19	11
66.2	11
66.21	10
66.22	10
66.23	11
66.24	10
66.25	10
66.26	10
66.27	11
66.28	9
66.29	11
66.3	11
66.31	10
66.32	9
66.33	10
66.34	9
66.35	10
66.36	10
66.37	10
66.38	10
66.39	10
66.4	10
66.41	10
66.42	10
66.43	10
66.44	10
66.45	10
66.46	10
66.47	10
66.48	10
66.49	11
66.5	10
66.51	11
66.52	10
66.53	10
66.54	9
66.55	10
66.56	9
66.57	10
66.58	9
66.59	10
66.6	11
66.61	9
66.62	10
66.63	10
66.64	10
66.65	11
66.66	10
66.67	10
66.68	10
66.69	10
66.7	9
66.71	9
66.72	10
66.73	9
66.74	10
66.75	10
66.76	10
66.77	10
66.78	10
66.79	10
66.8	10
66.81	11
66.82	10
66.83	11
66.84	9
66.85	10
66.86	10
66.87	10
66.88	11
66.89	10
66.9	10
66.91	11
66.92	9
66.93	11
66.94	11
66.95	11
66.96	10
66.97	11
66.98	10
66.99	10
67	9
67.01	11
67.02	10
67.03	11
67.04	10
67.05	10
67.06	9
67.07	10
67.08	10
67.09	9
67.1	10
67.11	10
67.12	10
67.13	9
67.14	11
67.15	9
67.16	11
67.17	10
67.18	10
67.19	11
67.2	10
67.21	10
67.22	10
67.23	10
67.24	9
67.25	10
67.26	10
67.27	10
67.28	11
67.29	10
67.3	11
67.31	10
67.32	10
67.33	9
67.34	10
67.35	9
67.36	10
67.37	11
67.38	11
67.39	10
67.4	10
67.41	9
67.42	9
67.43	10
67.44	10
67.45	10
67.46	11
67.47	10
67.48	10
67.49	9
67.5	10
67.51	9
67.52	10
67.53	10
67.54	9
67.55	9
67.56	10
67.57	11
67.58	10
67.59	11
67.6	10
67.61	10
67.62	10
67.63	10
67.64	10
67.65	10
67.66	10
67.67	9
67.68	10
67.69	10
67.7	9
67.71	10
67.72	10
67.73	10
67.74	10
67.75	10
67.76	9
67.77	10
67.78	10
67.79	9
67.8	10
67.81	10
67.82	11
67.83	9
67.84	10
67.85	9
67.86	10
67.87	10
67.88	10
67.89	10
67.9	9
67.91	11
67.92	10
67.93	9
67.94	10
67.95	10
67.96	10
67.97	10
67.98	10
67.99	10
68	10
68.01	11
68.02	11
68.03	9
68.04	9
68.05	9
68.06	10
68.07	10
68.08	9
68.09	9
68.1	10
68.11	10
68.12	10
68.13	10
68.14	11
68.15	11
68.16	10
68.17	11
68.18	9
68.19	10
68.2	10
68.21	10
68.22	11
68.23	10
68.24	10
68.25	10
68.26	9
68.27	9
68.28	10
68.29	10
68.3	10
68.31	10
68.32	10
68.33	10
68.34	9
68.35	9
68.36	9
68.37	10
68.38	9
68.39	10
68.4	10
68.41	11
68.42	10
68.43	10
68.44	11
68.45	10
68.46	10
68.47	10
68.48	9
68.49	10
68.5	10
68.51	10
68.52	10
68.53	11
68.54	10
68.55	11
68.56	10
68.57	10
68.58	10
68.59	11
68.6	10
68.61	11
68.62	10
68.63	10
68.64	10
68.65	10
68.66	10
68.67	9
68.68	10
68.69	10
68.7	10
68.71	10
68.72	11
68.73	10
68.74	9
68.75	10
68.76	10
68.77	10
68.78	9
68.79	12
68.8	11
68.81	10
68.82	10
68.83	10
68.84	11
68.85	10
68.86	9
68.87	9
68.88	9
68.89	10
68.9	10
68.91	11
68.92	10
68.93	10
68.94	11
68.95	10
68.96	11
68.97	11
68.98	10
68.99	10
69	10
69.01	11
69.02	10
69.03	10
69.04	11
69.05	10
69.06	11
69.07	10
69.08	11
69.09	11
69.1	11
69.11	11
69.12	10
69.13	11
69.14	11
69.15	10
69.16	11
69.17	11
69.18	10
69.19	10
69.2	9
69.21	10
69.22	10
69.23	11
69.24	10
69.25	10
69.26	10
69.27	10
69.28	10
69.29	9
69.3	9
69.31	10
69.32	11
69.33	11
69.34	11
69.35	10
69.36	11
69.37	11
69.38	11
69.39	12
69.4	10
69.41	11
69.42	11
69.43	10
69.44	11
69.45	11
69.46	10
69.47	11
69.48	10
69.49	11
69.5	11
69.51	10
69.52	10
69.53	10
69.54	10
69.55	10
69.56	10
69.57	10
69.58	9
69.59	9
69.6	10
69.61	10
69.62	10
69.63	11
69.64	10
69.65	10
69.66	10
69.67	9
69.68	10
69.69	11
69.7	11
69.71	12
69.72	11
69.73	10
69.74	11
69.75	11
69.76	10
69.77	11
69.78	11
69.79	10
69.8	10
69.81	9
69.82	10
69.83	10
69.84	10
69.85	10
69.86	10
69.87	10
69.88	10
69.89	11
69.9	10
69.91	10
69.92	10
69.93	11
69.94	10
69.95	11
69.96	11
69.97	11
69.98	11
69.99	11
70	10
70.01	10
70.02	9
70.03	11
70.04	10
70.05	9
70.06	10
70.07	11
70.08	10
70.09	10
70.1	10
70.11	9
70.12	10
70.13	10
70.14	11
70.15	11
70.16	10
70.17	11
70.18	11
70.19	10
70.2	11
70.21	10
70.22	10
70.23	10
70.24	10
70.25	10
70.26	10
70.27	11
70.28	10
70.29	11
70.3	10
70.31	12
70.32	11
70.33	10
70.34	10
70.35	10
70.36	10
70.37	10
70.38	9
70.39	10
70.4	11
70.41	10
70.42	10
70.43	10
70.44	11
70.45	10
70.46	11
70.47	10
70.48	10
70.49	10
70.5	10
70.51	10
70.52	10
70.53	11
70.54	10
70.55	11
70.56	10
70.57	10
70.58	9
70.59	10
70.6	10
70.61	11
70.62	11
70.63	11
70.64	10
70.65	10
70.66	10
70.67	10
70.68	10
70.69	10
70.7	10
70.71	10
70.72	10
70.73	11
70.74	11
70.75	11
70.76	11
70.77	11
70.78	11
70.79	10
70.8	10
70.81	10
70.82	11
70.83	11
70.84	11
70.85	11
70.86	11
70.87	10
70.88	11
70.89	11
70.9	10
70.91	12
70.92	11
70.93	11
70.94	10
70.95	10
70.96	11
70.97	10
70.98	11
70.99	11
71	10
71.01	11
71.02	10
71.03	10
71.04	11
71.05	11
71.06	10
71.07	11
71.08	11
71.09	10
71.1	10
71.11	11
71.12	11
71.13	10
71.14	11
71.15	11
71.16	11
71.17	11
71.18	10
71.19	10
71.2	10
71.21	10
71.22	10
71.23	10
71.24	10
71.25	10
71.26	10
71.27	9
71.28	9
71.29	10
71.3	10
71.31	10
71.32	10
71.33	11
71.34	10
71.35	11
71.36	10
71.37	10
71.38	10
71.39	11
71.4	10
71.41	11
71.42	10
71.43	11
71.44	9
71.45	10
71.46	10
71.47	10
71.48	11
71.49	10
71.5	10
71.51	11
71.52	11
71.53	10
71.54	10
71.55	10
71.56	11
71.57	10
71.58	11
71.59	11
71.6	11
71.61	11
71.62	11
71.63	12
71.64	10
71.65	11
71.66	11
71.67	10
71.68	11
71.69	10
71.7	11
71.71	11
71.72	11
71.73	12
71.74	11
71.75	10
71.76	10
71.77	10
71.78	10
71.79	11
71.8	10
71.81	10
71.82	10
71.83	10
71.84	11
71.85	9
71.86	11
71.87	10
71.88	10
71.89	10
71.9	10
71.91	10
71.92	9
71.93	9
71.94	9
71.95	11
71.96	11
71.97	9
71.98	11
71.99	9
72	10
72.01	11
72.02	10
72.03	11
72.04	11
72.05	10
72.06	10
72.07	10
72.08	10
72.09	10
72.1	10
72.11	11
72.12	11
72.13	10
72.14	11
72.15	10
72.16	11
72.17	11
72.18	10
72.19	12
72.2	11
72.21	11
72.22	10
72.23	11
72.24	11
72.25	10
72.26	11
72.27	10
72.28	10
72.29	10
72.3	10
72.31	10
72.32	10
72.33	11
72.34	11
72.35	10
72.36	11
72.37	11
72.38	10
72.39	10
72.4	10
72.41	10
72.42	10
72.43	10
72.44	10
72.45	10
72.46	10
72.47	10
72.48	10
72.49	10
72.5	10
72.51	10
72.52	10
72.53	10
72.54	10
72.55	11
72.56	11
72.57	11
72.58	11
72.59	11
72.6	10
72.61	11
72.62	11
72.63	10
72.64	10
72.65	11
72.66	10
72.67	11
72.68	11
72.69	10
72.7	11
72.71	10
72.72	11
72.73	11
72.74	10
72.75	11
72.76	11
72.77	11
72.78	11
72.79	10
72.8	11
72.81	10
72.82	10
72.83	10
72.84	11
72.85	10
72.86	10
72.87	10
72.88	10
72.89	11
72.9	11
72.91	11
72.92	10
72.93	11
72.94	10
72.95	10
72.96	11
72.97	11
72.98	10
72.99	10
73	10
73.01	10
73.02	10
73.03	10
73.04	11
73.05	11
73.06	10
73.07	10
73.08	10
73.09	10
73.1	11
73.11	10
73.12	11
73.13	10
73.14	11
73.15	11
73.16	11
73.17	10
73.18	10
73.19	10
73.2	11
73.21	10
73.22	10
73.23	10
73.24	11
73.25	10
73.26	11
73.27	11
73.28	11
73.29	10
73.3	11
73.31	11
73.32	10
73.33	11
73.34	10
73.35	10
73.36	10
73.37	9
73.38	10
73.39	10
73.4	10
73.41	9
73.42	9
73.43	10
73.44	9
73.45	11
73.46	10
73.47	10
73.48	9
73.49	11
73.5	10
73.51	10
73.52	10
73.53	11
73.54	10
73.55	10
73.56	10
73.57	10
73.58	11
73.59	10
73.6	10
73.61	10
73.62	9
73.63	9
73.64	10
73.65	10
73.66	11
73.67	10
73.68	11
73.69	10
73.7	10
73.71	10
73.72	10
73.73	9
73.74	10
73.75	10
73.76	10
73.77	9
73.78	10
73.79	11
73.8	10
73.81	11
73.82	9
73.83	10
73.84	11
73.85	10
73.86	11
73.87	11
73.88	10
73.89	11
73.9	10
73.91	10
73.92	10
73.93	10
73.94	9
73.95	9
73.96	10
73.97	10
73.98	10
73.99	10
74	10
74.01	10
74.02	9
74.03	10
74.04	10
74.05	10
74.06	10
74.07	10
74.08	10
74.09	11
74.1	11
74.11	10
74.12	10
74.13	10
74.14	10
74.15	10
74.16	10
74.17	10
74.18	10
74.19	10
74.2	9
74.21	10
74.22	10
74.23	11
74.24	11
74.25	10
74.26	11
74.27	11
74.28	11
74.29	11
74.3	10
74.31	11
74.32	9
74.33	10
74.34	9
74.35	10
74.36	10
74.37	11
74.38	10
74.39	11
74.4	10
74.41	10
74.42	10
74.43	10
74.44	11
74.45	11
74.46	11
74.47	10
74.48	10
74.49	10
74.5	10
74.51	10
74.52	10
74.53	10
74.54	10
74.55	10
74.56	10
74.57	10
74.58	11
74.59	10
74.6	12
74.61	11
74.62	11
74.63	11
74.64	11
74.65	11
74.66	11
74.67	11
74.68	10
74.69	10
74.7	10
74.71	10
74.72	9
74.73	9
74.74	9
74.75	9
74.76	10
74.77	10
74.78	10
74.79	9
74.8	10
74.81	10
74.82	10
74.83	11
74.84	10
74.85	10
74.86	9
74.87	10
74.88	10
74.89	10
74.9	10
74.91	10
74.92	11
74.93	10
74.94	12
74.95	10
74.96	11
74.97	10
74.98	10
74.99	9
75	11
75.01	10
75.02	11
75.03	10
75.04	11
75.05	10
75.06	10
75.07	10
75.08	11
75.09	10
75.1	11
75.11	11
75.12	10
75.13	11
75.14	11
75.15	11
75.16	11
75.17	11
75.18	10
75.19	11
75.2	10
75.21	9
75.22	11
75.23	9
75.24	10
75.25	11
75.26	10
75.27	10
75.28	10
75.29	10
75.3	10
75.31	10
75.32	11
75.33	10
75.34	10
75.35	10
75.36	10
75.37	10
75.38	10
75.39	10
75.4	11
75.41	10
75.42	11
75.43	10
75.44	10
75.45	9
75.46	11
75.47	10
75.48	11
75.49	11
75.5	10
75.51	11
75.52	11
75.53	10
75.54	10
75.55	10
75.56	10
75.57	10
75.58	10
75.59	11
75.6	10
75.61	10
75.62	10
75.63	10
75.64	11
75.65	10
75.66	11
75.67	10
75.68	10
75.69	10
75.7	11
75.71	11
75.72	10
75.73	11
75.74	11
75.75	10
75.76	11
75.77	11
75.78	11
75.79	11
75.8	10
75.81	10
75.82	10
75.83	11
75.84	10
75.85	11
75.86	11
75.87	10
75.88	12
75.89	11
75.9	10
75.91	10
75.92	10
75.93	10
75.94	11
75.95	10
75.96	11
75.97	11
75.98	10
75.99	11
76	11
76.01	10
76.02	11
76.03	11
76.04	10
76.05	11
76.06	11
76.07	11
76.08	11
76.09	10
76.1	11
76.11	10
76.12	10
76.13	10
76.14	10
76.15	10
76.16	11
76.17	10
76.18	11
76.19	10
76.2	10
76.21	9
76.22	10
76.23	11
76.24	10
76.25	11
76.26	11
76.27	10
76.28	11
76.29	10
76.3	10
76.31	11
76.32	10
76.33	11
76.34	10
76.35	11
76.36	9
76.37	10
76.38	10
76.39	10
76.4	11
76.41	11
76.42	11
76.43	11
76.44	12
76.45	10
76.46	11
76.47	11
76.48	9
76.49	10
76.5	10
76.51	9
76.52	11
76.53	9
76.54	10
76.55	10
76.56	10
76.57	11
76.58	9
76.59	10
76.6	10
76.61	10
76.62	11
76.63	10
76.64	10
76.65	11
76.66	10
76.67	10
76.68	10
76.69	10
76.7	11
76.71	11
76.72	10
76.73	11
76.74	11
76.75	11
76.76	11
76.77	10
76.78	10
76.79	10
76.8	10
76.81	11
76.82	10
76.83	10
76.84	10
76.85	10
76.86	10
76.87	10
76.88	10
76.89	10
76.9	10
76.91	11
76.92	11
76.93	10
76.94	11
76.95	9
76.96	10
76.97	10
76.98	10
76.99	10
77	10
77.01	9
77.02	10
77.03	9
77.04	9
77.05	10
77.06	10
77.07	10
77.08	10
77.09	10
77.1	10
77.11	10
77.12	10
77.13	11
77.14	9
77.15	11
77.16	10
77.17	12
77.18	10
77.19	11
77.2	10
77.21	11
77.22	10
77.23	11
77.24	10
77.25	10
77.26	9
77.27	9
77.28	10
77.29	9
77.3	9
77.31	10
77.32	9
77.33	10
77.34	10
77.35	10
77.36	10
77.37	10
77.38	9
77.39	10
77.4	10
77.41	10
77.42	10
77.43	10
77.44	10
77.45	11
77.46	9
77.47	10
77.48	10
77.49	10
77.5	10
77.51	10
77.52	11
77.53	11
77.54	11
77.55	10
77.56	10
77.57	11
77.58	11
77.59	10
77.6	10
77.61	11
77.62	10
77.63	11
77.64	10
77.65	11
77.66	10
77.67	10
77.68	10
77.69	10
77.7	11
77.71	10
77.72	10
77.73	10
77.74	10
77.75	10
77.76	10
77.77	9
77.78	9
77.79	10
77.8	9
77.81	10
77.82	9
77.83	10
77.84	10
77.85	10
77.86	10
77.87	10
77.88	10
77.89	10
77.9	10
77.91	10
77.92	11
77.93	11
77.94	11
77.95	10
77.96	10
77.97	11
77.98	10
77.99	11
78	10
78.01	10
78.02	11
78.03	10
78.04	11
78.05	11
78.06	10
78.07	11
78.08	10
78.09	10
78.1	10
78.11	11
78.12	10
78.13	10
78.14	10
78.15	11
78.16	10
78.17	10
78.18	10
78.19	10
78.2	10
78.21	9
78.22	9
78.23	10
78.24	10
78.25	11
78.26	10
78.27	11
78.28	11
78.29	10
78.3	10
78.31	10
78.32	10
78.33	10
78.34	10
78.35	11
78.36	10
78.37	11
78.38	11
78.39	11
78.4	11
78.41	10
78.42	10
78.43	10
78.44	11
78.45	10
78.46	11
78.47	10
78.48	10
78.49	11
78.5	10
78.51	10
78.52	10
78.53	11
78.54	10
78.55	10
78.56	10
78.57	9
78.58	10
78.59	9
78.6	10
78.61	10
78.62	10
78.63	10
78.64	11
78.65	10
78.66	11
78.67	11
78.68	11
78.69	10
78.7	10
78.71	10
78.72	11
78.73	10
78.74	10
78.75	11
78.76	10
78.77	11
78.78	10
78.79	10
78.8	9
78.81	10
78.82	10
78.83	11
78.84	10
78.85	10
78.86	10
78.87	10
78.88	10
78.89	10
78.9	10
78.91	10
78.92	11
78.93	10
78.94	11
78.95	10
78.96	10
78.97	11
78.98	10
78.99	10
79	11
79.01	10
79.02	11
79.03	10
79.04	10
79.05	10
79.06	9
79.07	9
79.08	10
79.09	11
79.1	10
79.11	12
79.12	11
79.13	10
79.14	11
79.15	9
79.16	11
79.17	10
79.18	11
79.19	11
79.2	11
79.21	11
79.22	10
79.23	10
79.24	11
79.25	10
79.26	11
79.27	10
79.28	10
79.29	10
79.3	11
79.31	10
79.32	11
79.33	10
79.34	11
79.35	10
79.36	10
79.37	11
79.38	10
79.39	10
79.4	10
79.41	10
79.42	10
79.43	10
79.44	11
79.45	11
79.46	11
79.47	11
79.48	10
79.49	11
79.5	11
79.51	11
79.52	10
79.53	10
79.54	12
79.55	11
79.56	11
79.57	11
79.58	11
79.59	10
79.6	11
79.61	10
79.62	9
79.63	9
79.64	10
79.65	10
79.66	10
79.67	10
79.68	10
79.69	10
79.7	10
79.71	10
79.72	10
79.73	10
79.74	11
79.75	11
79.76	11
79.77	10
79.78	11
79.79	10
79.8	10
79.81	10
79.82	10
79.83	9
79.84	9
79.85	9
79.86	10
79.87	10
79.88	11
79.89	10
79.9	12
79.91	11
79.92	10
79.93	10
79.94	10
79.95	10
79.96	10
79.97	11
79.98	10
79.99	11
80	11
80.01	11
80.02	11
80.03	10
80.04	11
80.05	11
80.06	11
80.07	11
80.08	11
80.09	10
80.1	10
80.11	11
80.12	10
80.13	11
80.14	10
80.15	11
80.16	11
80.17	11
80.18	11
80.19	10
80.2	10
80.21	10
80.22	10
80.23	10
80.24	9
80.25	11
80.26	10
80.27	11
80.28	10
80.29	11
80.3	9
80.31	10
80.32	11
80.33	10
80.34	12
80.35	10
80.36	10
80.37	11
80.38	10
80.39	10
80.4	9
80.41	10
80.42	10
80.43	10
80.44	10
80.45	11
80.46	10
80.47	11
80.48	11
80.49	10
80.5	11
80.51	11
80.52	10
80.53	11
80.54	10
80.55	10
80.56	11
80.57	11
80.58	11
80.59	11
80.6	11
80.61	10
80.62	11
80.63	10
80.64	10
80.65	10
80.66	10
80.67	10
80.68	10
80.69	10
80.7	9
80.71	10
80.72	11
80.73	11
80.74	11
80.75	12
80.76	11
80.77	10
80.78	10
80.79	10
80.8	10
80.81	11
80.82	10
80.83	11
80.84	11
80.85	10
80.86	11
80.87	10
80.88	10
80.89	10
80.9	11
80.91	10
80.92	10
80.93	10
80.94	9
80.95	11
80.96	10
80.97	10
80.98	9
80.99	10
81	11
81.01	10
81.02	11
81.03	10
81.04	11
81.05	10
81.06	10
81.07	11
81.08	10
81.09	11
81.1	10
81.11	10
81.12	11
81.13	11
81.14	10
81.15	10
81.16	10
81.17	10
81.18	10
81.19	10
81.2	11
81.21	10
81.22	10
81.23	10
81.24	10
81.25	11
81.26	10
81.27	10
81.28	10
81.29	10
81.3	10
81.31	11
81.32	10
81.33	10
81.34	10
81.35	10
81.36	11
81.37	10
81.38	10
81.39	11
81.4	10
81.41	10
81.42	10
81.43	10
81.44	10
81.45	10
81.46	11
81.47	10
81.48	10
81.49	10
81.5	11
81.51	10
81.52	10
81.53	10
81.54	10
81.55	10
81.56	10
81.57	10
81.58	11
81.59	10
81.6	10
81.61	11
81.62	10
81.63	12
81.64	11
81.65	11
81.66	12
81.67	11
81.68	11
81.69	11
81.7	10
81.71	11
81.72	10
81.73	10
81.74	10
81.75	10
81.76	11
81.77	11
81.78	11
81.79	11
81.8	11
81.81	10
81.82	10
81.83	9
81.84	9
81.85	10
81.86	10
81.87	11
81.88	10
81.89	11
81.9	10
81.91	11
81.92	10
81.93	11
81.94	10
81.95	11
81.96	10
81.97	10
81.98	10
81.99	11
82	10
82.01	11
82.02	10
82.03	10
82.04	10
82.05	10
82.06	10
82.07	11
82.08	10
82.09	11
82.1	11
82.11	11
82.12	11
82.13	9
82.14	10
82.15	10
82.16	10
82.17	11
82.18	11
82.19	10
82.2	11
82.21	11
82.22	10
82.23	11
82.24	11
82.25	10
82.26	10
82.27	10
82.28	10
82.29	10
82.3	10
82.31	10
82.32	10
82.33	10
82.34	10
82.35	10
82.36	9
82.37	9
82.38	9
82.39	10
82.4	10
82.41	10
82.42	10
82.43	10
82.44	10
82.45	11
82.46	9
82.47	11
82.48	11
82.49	10
82.5	10
82.51	10
82.52	10
82.53	10
82.54	10
82.55	10
82.56	10
82.57	10
82.58	11
82.59	11
82.6	10
82.61	11
82.62	11
82.63	11
82.64	10
82.65	10
82.66	10
82.67	10
82.68	11
82.69	11
82.7	11
82.71	10
82.72	10
82.73	11
82.74	11
82.75	10
82.76	10
82.77	10
82.78	10
82.79	10
82.8	11
82.81	10
82.82	11
82.83	10
82.84	10
82.85	11
82.86	10
82.87	10
82.88	10
82.89	10
82.9	10
82.91	10
82.92	10
82.93	10
82.94	10
82.95	10
82.96	11
82.97	11
82.98	10
82.99	11
83	10
83.01	11
83.02	11
83.03	10
83.04	11
83.05	12
83.06	11
83.07	11
83.08	10
83.09	10
83.1	10
83.11	10
83.12	10
83.13	10
83.14	10
83.15	10
83.16	10
83.17	11
83.18	10
83.19	10
83.2	10
83.21	10
83.22	11
83.23	11
83.24	9
83.25	10
83.26	10
83.27	11
83.28	10
83.29	10
83.3	10
83.31	10
83.32	10
83.33	9
83.34	10
83.35	9
83.36	10
83.37	10
83.38	10
83.39	10
83.4	10
83.41	10
83.42	10
83.43	10
83.44	10
83.45	10
83.46	10
83.47	10
83.48	10
83.49	11
83.5	9
83.51	10
83.52	11
83.53	10
83.54	11
83.55	11
83.56	10
83.57	11
83.58	9
83.59	11
83.6	10
83.61	10
83.62	10
83.63	10
83.64	10
83.65	10
83.66	11
83.67	10
83.68	11
83.69	10
83.7	10
83.71	11
83.72	11
83.73	10
83.74	10
83.75	10
83.76	10
83.77	9
83.78	10
83.79	10
83.8	10
83.81	10
83.82	10
83.83	10
83.84	10
83.85	10
83.86	11
83.87	11
83.88	9
83.89	11
83.9	10
83.91	9
83.92	9
83.93	10
83.94	11
83.95	10
83.96	10
83.97	10
83.98	10
83.99	10
84	10
84.01	10
84.02	11
84.03	11
84.04	10
84.05	10
84.06	10
84.07	10
84.08	10
84.09	10
84.1	10
84.11	10
84.12	11
84.13	11
84.14	10
84.15	10
84.16	10
84.17	10
84.18	11
84.19	10
84.2	11
84.21	9
84.22	10
84.23	9
84.24	9
84.25	10
84.26	10
84.27	10
84.28	10
84.29	10
84.3	11
84.31	10
84.32	10
84.33	11
84.34	10
84.35	11
84.36	9
84.37	11
84.38	10
84.39	11
84.4	10
84.41	11
84.42	10
84.43	10
84.44	11
84.45	11
84.46	10
84.47	10
84.48	9
84.49	10
84.5	10
84.51	10
84.52	10
84.53	9
84.54	9
84.55	10
84.56	9
84.57	9
84.58	10
84.59	10
84.6	10
84.61	9
84.62	10
84.63	10
84.64	10
84.65	10
84.66	10
84.67	9
84.68	10
84.69	10
84.7	10
84.71	11
84.72	10
84.73	10
84.74	10
84.75	10
84.76	10
84.77	10
84.78	10
84.79	10
84.8	10
84.81	10
84.82	10
84.83	10
84.84	9
84.85	10
84.86	11
84.87	10
84.88	10
84.89	10
84.9	9
84.91	10
84.92	10
84.93	10
84.94	10
84.95	10
84.96	11
84.97	10
84.98	10
84.99	10
85	10
85.01	10
85.02	10
85.03	10
85.04	10
85.05	10
85.06	9
85.07	10
85.08	10
85.09	10
85.1	10
85.11	10
85.12	10
85.13	11
85.14	11
85.15	10
85.16	11
85.17	10
85.18	10
85.19	10
85.2	10
85.21	10
85.22	10
85.23	9
85.24	11
85.25	10
85.26	11
85.27	11
85.28	10
85.29	11
85.3	11
85.31	11
85.32	11
85.33	11
85.34	11
85.35	12
85.36	11
85.37	11
85.38	11
85.39	11
85.4	11
85.41	10
85.42	11
85.43	10
85.44	11
85.45	10
85.46	11
85.47	11
85.48	11
85.49	11
85.5	10
85.51	10
85.52	11
85.53	10
85.54	11
85.55	11
85.56	11
85.57	10
85.58	10
85.59	10
85.6	11
85.61	10
85.62	10
85.63	10
85.64	10
85.65	10
85.66	10
85.67	10
85.68	10
85.69	10
85.7	10
85.71	10
85.72	10
85.73	10
85.74	11
85.75	10
85.76	10
85.77	10
85.78	10
85.79	10
85.8	10
85.81	10
85.82	10
85.83	10
85.84	10
85.85	10
85.86	11
85.87	10
85.88	9
85.89	10
85.9	10
85.91	11
85.92	11
85.93	11
85.94	10
85.95	10
85.96	10
85.97	10
85.98	11
85.99	10
86	10
86.01	9
86.02	10
86.03	10
86.04	10
86.05	10
86.06	9
86.07	10
86.08	11
86.09	10
86.1	10
86.11	10
86.12	10
86.13	10
86.14	10
86.15	10
86.16	11
86.17	10
86.18	11
86.19	9
86.2	11
86.21	11
86.22	9
86.23	11
86.24	10
86.25	11
86.26	10
86.27	11
86.28	10
86.29	10
86.3	11
86.31	10
86.32	11
86.33	10
86.34	11
86.35	11
86.36	11
86.37	9
86.38	10
86.39	10
86.4	9
86.41	10
86.42	10
86.43	11
86.44	10
86.45	11
86.46	9
86.47	9
86.48	9
86.49	11
86.5	11
86.51	11
86.52	11
86.53	10
86.54	10
86.55	10
86.56	9
86.57	10
86.58	11
86.59	10
86.6	10
86.61	10
86.62	9
86.63	10
86.64	9
86.65	10
86.66	10
86.67	11
86.68	11
86.69	9
86.7	10
86.71	10
86.72	11
86.73	10
86.74	10
86.75	9
86.76	10
86.77	11
86.78	9
86.79	11
86.8	9
86.81	10
86.82	11
86.83	10
86.84	9
86.85	10
86.86	9
86.87	10
86.88	10
86.89	10
86.9	10
86.91	11
86.92	10
86.93	11
86.94	10
86.95	9
86.96	9
86.97	9
86.98	10
86.99	10
87	10
87.01	10
87.02	11
87.03	10
87.04	11
87.05	11
87.06	11
87.07	10
87.08	11
87.09	11
87.1	11
87.11	11
87.12	11
87.13	10
87.14	11
87.15	10
87.16	10
87.17	10
87.18	10
87.19	10
87.2	10
87.21	10
87.22	10
87.23	10
87.24	10
87.25	10
87.26	10
87.27	10
87.28	10
87.29	10
87.3	10
87.31	10
87.32	9
87.33	10
87.34	9
87.35	9
87.36	10
87.37	9
87.38	10
87.39	10
87.4	10
87.41	10
87.42	9
87.43	9
87.44	9
87.45	9
87.46	10
87.47	10
87.48	10
87.49	10
87.5	10
87.51	10
87.52	9
87.53	10
87.54	10
87.55	10
87.56	10
87.57	11
87.58	9
87.59	10
87.6	9
87.61	9
87.62	10
87.63	10
87.64	10
87.65	10
87.66	10
87.67	10
87.68	9
87.69	9
87.7	10
87.71	10
87.72	9
87.73	10
87.74	10
87.75	10
87.76	10
87.77	10
87.78	10
87.79	10
87.8	10
87.81	10
87.82	10
87.83	10
87.84	10
87.85	10
87.86	10
87.87	10
87.88	10
87.89	11
87.9	11
87.91	10
87.92	10
87.93	10
87.94	10
87.95	11
87.96	10
87.97	10
87.98	10
87.99	10
88	9
88.01	11
88.02	11
88.03	10
88.04	10
88.05	10
88.06	10
88.07	10
88.08	10
88.09	10
88.1	10
88.11	11
88.12	10
88.13	10
88.14	11
88.15	10
88.16	10
88.17	10
88.18	10
88.19	10
88.2	10
88.21	10
88.22	10
88.23	10
88.24	10
88.25	10
88.26	11
88.27	10
88.28	9
88.29	9
88.3	10
88.31	10
88.32	11
88.33	10
88.34	10
88.35	11
88.36	11
88.37	10
88.38	10
88.39	10
88.4	10
88.41	11
88.42	11
88.43	11
88.44	11
88.45	10
88.46	10
88.47	10
88.48	9
88.49	10
88.5	10
88.51	11
88.52	10
88.53	10
88.54	10
88.55	10
88.56	10
88.57	11
88.58	10
88.59	10
88.6	11
88.61	11
88.62	11
88.63	11
88.64	11
88.65	11
88.66	11
88.67	11
88.68	9
88.69	11
88.7	10
88.71	10
88.72	11
88.73	11
88.74	10
88.75	10
88.76	9
88.77	9
88.78	10
88.79	10
88.8	10
88.81	11
88.82	10
88.83	11
88.84	10
88.85	10
88.86	10
88.87	10
88.88	11
88.89	11
88.9	10
88.91	10
88.92	10
88.93	10
88.94	11
88.95	9
88.96	11
88.97	10
88.98	11
88.99	10
89	10
89.01	9
89.02	10
89.03	9
89.04	10
89.05	11
89.06	10
89.07	11
89.08	10
89.09	10
89.1	9
89.11	11
89.12	10
89.13	11
89.14	11
89.15	10
89.16	10
89.17	10
89.18	10
89.19	10
89.2	10
89.21	10
89.22	10
89.23	10
89.24	10
89.25	10
89.26	10
89.27	10
89.28	10
89.29	10
89.3	10
89.31	10
89.32	9
89.33	10
89.34	10
89.35	10
89.36	10
89.37	9
89.38	10
89.39	10
89.4	10
89.41	10
89.42	10
89.43	10
89.44	10
89.45	10
89.46	10
89.47	11
89.48	10
89.49	10
89.5	11
89.51	10
89.52	11
89.53	9
89.54	11
89.55	9
89.56	10
89.57	10
89.58	10
89.59	10
89.6	10
89.61	10
89.62	10
89.63	9
89.64	9
89.65	10
89.66	11
89.67	9
89.68	9
89.69	10
89.7	9
89.71	10
89.72	9
89.73	11
89.74	10
89.75	10
89.76	10
89.77	9
89.78	10
89.79	10
89.8	10
89.81	10
89.82	9
89.83	10
89.84	10
89.85	10
89.86	10
89.87	10
89.88	9
89.89	10
89.9	10
89.91	10
89.92	10
89.93	11
89.94	10
89.95	10
89.96	11
89.97	10
89.98	11
89.99	9
90	10
90.01	10
90.02	11
90.03	10
90.04	10
90.05	9
90.06	9
90.07	10
90.08	11
90.09	10
90.1	10
90.11	10
90.12	9
90.13	10
90.14	11
90.15	10
90.16	10
90.17	11
90.18	10
90.19	10
90.2	10
90.21	9
90.22	10
90.23	10
90.24	10
90.25	10
90.26	10
90.27	9
90.28	10
90.29	10
90.3	9
90.31	10
90.32	10
90.33	10
90.34	9
90.35	10
90.36	10
90.37	10
90.38	10
90.39	10
90.4	10
90.41	10
90.42	9
90.43	11
90.44	11
90.45	10
90.46	9
90.47	10
90.48	10
90.49	9
90.5	10
90.51	10
90.52	11
90.53	11
90.54	10
90.55	11
90.56	10
90.57	11
90.58	10
90.59	11
90.6	11
90.61	11
90.62	11
90.63	10
90.64	11
90.65	10
90.66	10
90.67	10
90.68	11
90.69	10
90.7	11
90.71	10
90.72	10
90.73	11
90.74	10
90.75	12
90.76	11
90.77	11
90.78	10
90.79	11
90.8	9
90.81	10
90.82	10
90.83	10
90.84	10
90.85	10
90.86	10
90.87	10
90.88	10
90.89	10
90.9	11
90.91	10
90.92	11
90.93	11
90.94	10
90.95	11
90.96	10
90.97	11
90.98	10
90.99	11
91	11
91.01	11
91.02	9
91.03	10
91.04	10
91.05	10
91.06	11
91.07	9
91.08	10
91.09	10
91.1	9
91.11	11
91.12	10
91.13	10
91.14	10
91.15	10
91.16	10
91.17	10
91.18	10
91.19	11
91.2	10
91.21	10
91.22	11
91.23	9
91.24	10
91.25	10
91.26	10
91.27	10
91.28	10
91.29	10
91.3	11
91.31	11
91.32	11
91.33	11
91.34	10
91.35	10
91.36	10
91.37	11
91.38	11
91.39	10
91.4	11
91.41	11
91.42	11
91.43	11
91.44	9
91.45	10
91.46	9
91.47	10
91.48	10
91.49	11
91.5	10
91.51	11
91.52	11
91.53	10
91.54	10
91.55	11
91.56	10
91.57	11
91.58	11
91.59	10
91.6	10
91.61	10
91.62	11
91.63	10
91.64	10
91.65	10
91.66	10
91.67	9
91.68	10
91.69	10
91.7	10
91.71	9
91.72	10
91.73	10
91.74	10
91.75	10
91.76	10
91.77	11
91.78	10
91.79	10
91.8	11
91.81	10
91.82	11
91.83	10
91.84	11
91.85	10
91.86	11
91.87	10
91.88	11
91.89	10
91.9	10
91.91	10
91.92	11
91.93	10
91.94	10
91.95	10
91.96	10
91.97	10
91.98	11
91.99	11
92	11
92.01	10
92.02	11
92.03	10
92.04	10
92.05	11
92.06	10
92.07	10
92.08	11
92.09	11
92.1	11
92.11	11
92.12	10
92.13	10
92.14	11
92.15	10
92.16	11
92.17	10
92.18	11
92.19	10
92.2	10
92.21	10
92.22	10
92.23	10
92.24	10
92.25	9
92.26	10
92.27	11
92.28	11
92.29	11
92.3	10
92.31	11
92.32	11
92.33	11
92.34	10
92.35	10
92.36	10
92.37	10
92.38	10
92.39	10
92.4	10
92.41	11
92.42	11
92.43	11
92.44	11
92.45	11
92.46	11
92.47	10
92.48	11
92.49	10
92.5	10
92.51	10
92.52	10
92.53	11
92.54	11
92.55	10
92.56	10
92.57	10
92.58	11
92.59	10
92.6	10
92.61	10
92.62	10
92.63	10
92.64	9
92.65	10
92.66	9
92.67	10
92.68	9
92.69	9
92.7	11
92.71	10
92.72	10
92.73	10
92.74	10
92.75	11
92.76	10
92.77	10
92.78	9
92.79	10
92.8	10
92.81	11
92.82	10
92.83	10
92.84	10
92.85	10
92.86	10
92.87	10
92.88	10
92.89	10
92.9	10
92.91	11
92.92	11
92.93	10
92.94	10
92.95	11
92.96	11
92.97	10
92.98	10
92.99	10
93	10
93.01	11
93.02	10
93.03	10
93.04	10
93.05	10
93.06	9
93.07	10
93.08	10
93.09	10
93.1	10
93.11	10
93.12	10
93.13	10
93.14	9
93.15	10
93.16	9
93.17	10
93.18	10
93.19	10
93.2	10
93.21	9
93.22	11
93.23	11
93.24	10
93.25	10
93.26	10
93.27	10
93.28	11
93.29	10
93.3	10
93.31	10
93.32	10
93.33	10
93.34	10
93.35	10
93.36	9
93.37	10
93.38	11
93.39	10
93.4	10
93.41	10
93.42	10
93.43	11
93.44	11
93.45	11
93.46	10
93.47	11
93.48	9
93.49	11
93.5	10
93.51	10
93.52	10
93.53	10
93.54	10
93.55	10
93.56	10
93.57	10
93.58	10
93.59	9
93.6	10
93.61	10
93.62	10
93.63	9
93.64	11
93.65	10
93.66	11
93.67	10
93.68	10
93.69	11
93.7	11
93.71	10
93.72	11
93.73	11
93.74	10
93.75	11
93.76	11
93.77	10
93.78	10
93.79	10
93.8	10
93.81	10
93.82	10
93.83	10
93.84	10
93.85	9
93.86	11
93.87	11
93.88	11
93.89	11
93.9	11
93.91	10
93.92	12
93.93	10
93.94	11
93.95	11
93.96	10
93.97	10
93.98	10
93.99	10
94	11
94.01	10
94.02	11
94.03	11
94.04	11
94.05	10
94.06	11
94.07	10
94.08	11
94.09	10
94.1	11
94.11	10
94.12	11
94.13	10
94.14	10
94.15	10
94.16	10
94.17	11
94.18	10
94.19	11
94.2	10
94.21	9
94.22	10
94.23	11
94.24	11
94.25	11
94.26	11
94.27	10
94.28	11
94.29	10
94.3	10
94.31	10
94.32	10
94.33	10
94.34	10
94.35	11
94.36	10
94.37	9
94.38	10
94.39	10
94.4	10
94.41	11
94.42	11
94.43	10
94.44	11
94.45	11
94.46	10
94.47	11
94.48	10
94.49	10
94.5	10
94.51	11
94.52	10
94.53	10
94.54	10
94.55	10
94.56	9
94.57	10
94.58	10
94.59	9
94.6	10
94.61	10
94.62	9
94.63	10
94.64	10
94.65	11
94.66	11
94.67	11
94.68	10
94.69	10
94.7	10
94.71	10
94.72	10
94.73	10
94.74	10
94.75	11
94.76	11
94.77	11
94.78	10
94.79	11
94.8	10
94.81	10
94.82	10
94.83	10
94.84	10
94.85	10
94.86	10
94.87	11
94.88	10
94.89	11
94.9	10
94.91	11
94.92	10
94.93	10
94.94	10
94.95	10
94.96	11
94.97	10
94.98	11
94.99	10
95	10
95.01	10
95.02	9
95.03	9
95.04	10
95.05	10
95.06	9
95.07	10
95.08	10
95.09	10
95.1	10
95.11	9
95.12	10
95.13	9
95.14	10
95.15	10
95.16	10
95.17	11
95.18	11
95.19	11
95.2	10
95.21	10
95.22	10
95.23	11
95.24	10
95.25	11
95.26	11
95.27	10
95.28	11
95.29	11
95.3	10
95.31	10
95.32	11
95.33	10
95.34	11
95.35	10
95.36	10
95.37	10
95.38	10
95.39	10
95.4	10
95.41	10
95.42	10
95.43	10
95.44	9
95.45	10
95.46	10
95.47	11
95.48	11
95.49	10
95.5	10
95.51	10
95.52	10
95.53	10
95.54	10
95.55	10
95.56	11
95.57	11
95.58	10
95.59	10
95.6	10
95.61	10
95.62	10
95.63	11
95.64	10
95.65	10
95.66	10
95.67	10
95.68	10
95.69	11
95.7	11
95.71	9
95.72	11
95.73	9
95.74	10
95.75	11
95.76	11
95.77	10
95.78	11
95.79	10
95.8	10
95.81	11
95.82	11
95.83	11
95.84	10
95.85	11
95.86	10
95.87	11
95.88	11
95.89	10
95.9	10
95.91	10
95.92	9
95.93	9
95.94	10
95.95	11
95.96	10
95.97	11
95.98	10
95.99	10
96	10
96.01	10
96.02	11
96.03	10
96.04	10
96.05	10
96.06	10
96.07	10
96.08	10
96.09	11
96.1	10
96.11	9
96.12	10
96.13	11
96.14	11
96.15	11
96.16	11
96.17	10
96.18	11
96.19	10
96.2	11
96.21	11
96.22	10
96.23	10
96.24	10
96.25	10
96.26	10
96.27	11
96.28	10
96.29	10
96.3	11
96.31	11
96.32	10
96.33	11
96.34	10
96.35	10
96.36	11
96.37	12
96.38	11
96.39	11
96.4	10
96.41	10
96.42	10
96.43	11
96.44	10
96.45	11
96.46	11
96.47	11
96.48	10
96.49	10
96.5	11
96.51	11
96.52	11
96.53	10
96.54	10
96.55	10
96.56	10
96.57	10
96.58	11
96.59	10
96.6	10
96.61	10
96.62	10
96.63	10
96.64	11
96.65	10
96.66	11
96.67	10
96.68	10
96.69	11
96.7	10
96.71	11
96.72	10
96.73	11
96.74	10
96.75	10
96.76	10
96.77	10
96.78	10
96.79	10
96.8	10
96.81	10
96.82	10
96.83	10
96.84	10
96.85	10
96.86	11
96.87	10
96.88	10
96.89	9
96.9	10
96.91	10
96.92	10
96.93	10
96.94	10
96.95	9
96.96	10
96.97	9
96.98	10
96.99	9
97	9
97.01	9
97.02	10
97.03	10
97.04	9
97.05	9
97.06	10
97.07	10
97.08	10
97.09	10
97.1	10
97.11	10
97.12	10
97.13	10
97.14	11
97.15	11
97.16	10
97.17	10
97.18	10
97.19	9
97.2	11
97.21	10
97.22	10
97.23	10
97.24	10
97.25	11
97.26	10
97.27	10
97.28	11
97.29	10
97.3	10
97.31	10
97.32	11
97.33	11
97.34	10
97.35	10
97.36	10
97.37	10
97.38	9
97.39	10
97.4	10
97.41	10
97.42	10
97.43	10
97.44	10
97.45	10
97.46	10
97.47	11
97.48	10
97.49	10
97.5	11
97.51	11
97.52	11
97.53	11
97.54	11
97.55	10
97.56	11
97.57	11
97.58	10
97.59	11
97.6	10
97.61	11
97.62	11
97.63	10
97.64	10
97.65	12
97.66	11
97.67	11
97.68	11
97.69	11
97.7	11
97.71	11
97.72	10
97.73	11
97.74	10
97.75	10
97.76	11
97.77	10
97.78	10
97.79	10
97.8	10
97.81	10
97.82	10
97.83	10
97.84	10
97.85	10
97.86	10
97.87	9
97.88	11
97.89	10
97.9	10
97.91	11
97.92	9
97.93	10
97.94	10
97.95	11
97.96	10
97.97	11
97.98	10
97.99	10
98	10
98.01	11
98.02	10
98.03	11
98.04	10
98.05	10
98.06	11
98.07	11
98.08	11
98.09	10
98.1	10
98.11	11
98.12	11
98.13	10
98.14	10
98.15	10
98.16	11
98.17	10
98.18	11
98.19	10
98.2	11
98.21	10
98.22	10
98.23	10
98.24	11
98.25	11
98.26	10
98.27	10
98.28	10
98.29	10
98.3	10
98.31	11
98.32	10
98.33	11
98.34	10
98.35	10
98.36	10
98.37	10
98.38	10
98.39	12
98.4	10
98.41	11
98.42	11
98.43	11
98.44	10
98.45	11
98.46	10
98.47	10
98.48	11
98.49	11
98.5	11
98.51	11
98.52	10
98.53	11
98.54	11
98.55	10
98.56	11
98.57	11
98.58	10
98.59	10
98.6	11
98.61	11
98.62	10
98.63	10
98.64	10
98.65	10
98.66	9
98.67	11
98.68	10
98.69	11
98.7	10
98.71	11
98.72	10
98.73	9
98.74	10
98.75	10
98.76	10
98.77	10
98.78	10
98.79	10
98.8	9
98.81	10
98.82	10
98.83	10
98.84	11
98.85	10
98.86	11
98.87	11
98.88	10
98.89	10
98.9	10
98.91	10
98.92	11
98.93	10
98.94	11
98.95	10
98.96	10
98.97	11
98.98	10
98.99	9
99	10
99.01	10
99.02	10
99.03	9
99.04	10
99.05	11
99.06	10
99.07	10
99.08	10
99.09	10
99.1	10
99.11	10
99.12	10
99.13	9
99.14	10
99.15	10
99.16	10
99.17	10
99.18	10
99.19	10
99.2	11
99.21	10
99.22	10
99.23	10
99.24	11
99.25	10
99.26	10
99.27	10
99.28	10
99.29	10
99.3	10
99.31	10
99.32	10
99.33	10
99.34	10
99.35	10
99.36	11
99.37	10
99.38	9
99.39	10
99.4	9
99.41	10
99.42	10
99.43	11
99.44	10
99.45	11
99.46	10
99.47	10
99.48	10
99.49	9
99.5	10
99.51	11
99.52	10
99.53	11
99.54	10
99.55	11
99.56	10
99.57	10
99.58	9
99.59	9
99.6	11
99.61	11
99.62	9
99.63	10
99.64	10
99.65	10
99.66	9
99.67	9
99.68	10
99.69	10
99.7	10
99.71	11
99.72	10
99.73	10
99.74	10
99.75	11
99.76	10
99.77	11
99.78	11
99.79	11
99.8	10
99.81	11
99.82	11
99.83	11
99.84	10
99.85	10
99.86	10
99.87	11
99.88	11
99.89	10
99.9	11
99.91	11
99.92	10
99.93	11
99.94	10
99.95	9
99.96	9
99.97	10
99.98	10
99.99	11
100	11
