/*--------------------------------*- C++ -*----------------------------------*\
| =========                 |                                                 |
| \\      /  F ield         | OpenFOAM: The Open Source CFD Toolbox           |
|  \\    /   O peration     | Version:  2312                                  |
|   \\  /    A nd           | Website:  www.openfoam.com                      |
|    \\/     M anipulation  |                                                 |
\*---------------------------------------------------------------------------*/
FoamFile
{
    version     2.0;
    format      ascii;
    arch        "LSB;label=32;scalar=64";
    class       volVectorField;
    location    "980";
    object      UCouette;
}
// * * * * * * * * * * * * * * * * * * * * * * * * * * * * * * * * * * * * * //

dimensions      [0 1 -1 0 0 0 0];

internalField   nonuniform List<vector> 
400
(
(0.025 0 0)
(0.025 0 0)
(0.025 0 0)
(0.025 0 0)
(0.025 0 0)
(0.025 0 0)
(0.025 0 0)
(0.025 0 0)
(0.025 0 0)
(0.025 0 0)
(0.025 0 0)
(0.025 0 0)
(0.025 0 0)
(0.025 0 0)
(0.025 0 0)
(0.025 0 0)
(0.025 0 0)
(0.025 0 0)
(0.025 0 0)
(0.025 0 0)
(0.075 0 0)
(0.075 0 0)
(0.075 0 0)
(0.075 0 0)
(0.075 0 0)
(0.075 0 0)
(0.075 0 0)
(0.075 0 0)
(0.075 0 0)
(0.075 0 0)
(0.075 0 0)
(0.075 0 0)
(0.075 0 0)
(0.075 0 0)
(0.075 0 0)
(0.075 0 0)
(0.075 0 0)
(0.075 0 0)
(0.075 0 0)
(0.075 0 0)
(0.125 0 0)
(0.125 0 0)
(0.125 0 0)
(0.125 0 0)
(0.125 0 0)
(0.125 0 0)
(0.125 0 0)
(0.125 0 0)
(0.125 0 0)
(0.125 0 0)
(0.125 0 0)
(0.125 0 0)
(0.125 0 0)
(0.125 0 0)
(0.125 0 0)
(0.125 0 0)
(0.125 0 0)
(0.125 0 0)
(0.125 0 0)
(0.125 0 0)
(0.175 0 0)
(0.175 0 0)
(0.175 0 0)
(0.175 0 0)
(0.175 0 0)
(0.175 0 0)
(0.175 0 0)
(0.175 0 0)
(0.175 0 0)
(0.175 0 0)
(0.175 0 0)
(0.175 0 0)
(0.175 0 0)
(0.175 0 0)
(0.175 0 0)
(0.175 0 0)
(0.175 0 0)
(0.175 0 0)
(0.175 0 0)
(0.175 0 0)
(0.225 0 0)
(0.225 0 0)
(0.225 0 0)
(0.225 0 0)
(0.225 0 0)
(0.225 0 0)
(0.225 0 0)
(0.225 0 0)
(0.225 0 0)
(0.225 0 0)
(0.225 0 0)
(0.225 0 0)
(0.225 0 0)
(0.225 0 0)
(0.225 0 0)
(0.225 0 0)
(0.225 0 0)
(0.225 0 0)
(0.225 0 0)
(0.225 0 0)
(0.275 0 0)
(0.275 0 0)
(0.275 0 0)
(0.275 0 0)
(0.275 0 0)
(0.275 0 0)
(0.275 0 0)
(0.275 0 0)
(0.275 0 0)
(0.275 0 0)
(0.275 0 0)
(0.275 0 0)
(0.275 0 0)
(0.275 0 0)
(0.275 0 0)
(0.275 0 0)
(0.275 0 0)
(0.275 0 0)
(0.275 0 0)
(0.275 0 0)
(0.325 0 0)
(0.325 0 0)
(0.325 0 0)
(0.325 0 0)
(0.325 0 0)
(0.325 0 0)
(0.325 0 0)
(0.325 0 0)
(0.325 0 0)
(0.325 0 0)
(0.325 0 0)
(0.325 0 0)
(0.325 0 0)
(0.325 0 0)
(0.325 0 0)
(0.325 0 0)
(0.325 0 0)
(0.325 0 0)
(0.325 0 0)
(0.325 0 0)
(0.375 0 0)
(0.375 0 0)
(0.375 0 0)
(0.375 0 0)
(0.375 0 0)
(0.375 0 0)
(0.375 0 0)
(0.375 0 0)
(0.375 0 0)
(0.375 0 0)
(0.375 0 0)
(0.375 0 0)
(0.375 0 0)
(0.375 0 0)
(0.375 0 0)
(0.375 0 0)
(0.375 0 0)
(0.375 0 0)
(0.375 0 0)
(0.375 0 0)
(0.425 0 0)
(0.425 0 0)
(0.425 0 0)
(0.425 0 0)
(0.425 0 0)
(0.425 0 0)
(0.425 0 0)
(0.425 0 0)
(0.425 0 0)
(0.425 0 0)
(0.425 0 0)
(0.425 0 0)
(0.425 0 0)
(0.425 0 0)
(0.425 0 0)
(0.425 0 0)
(0.425 0 0)
(0.425 0 0)
(0.425 0 0)
(0.425 0 0)
(0.475 0 0)
(0.475 0 0)
(0.475 0 0)
(0.475 0 0)
(0.475 0 0)
(0.475 0 0)
(0.475 0 0)
(0.475 0 0)
(0.475 0 0)
(0.475 0 0)
(0.475 0 0)
(0.475 0 0)
(0.475 0 0)
(0.475 0 0)
(0.475 0 0)
(0.475 0 0)
(0.475 0 0)
(0.475 0 0)
(0.475 0 0)
(0.475 0 0)
(0.525 0 0)
(0.525 0 0)
(0.525 0 0)
(0.525 0 0)
(0.525 0 0)
(0.525 0 0)
(0.525 0 0)
(0.525 0 0)
(0.525 0 0)
(0.525 0 0)
(0.525 0 0)
(0.525 0 0)
(0.525 0 0)
(0.525 0 0)
(0.525 0 0)
(0.525 0 0)
(0.525 0 0)
(0.525 0 0)
(0.525 0 0)
(0.525 0 0)
(0.575 0 0)
(0.575 0 0)
(0.575 0 0)
(0.575 0 0)
(0.575 0 0)
(0.575 0 0)
(0.575 0 0)
(0.575 0 0)
(0.575 0 0)
(0.575 0 0)
(0.575 0 0)
(0.575 0 0)
(0.575 0 0)
(0.575 0 0)
(0.575 0 0)
(0.575 0 0)
(0.575 0 0)
(0.575 0 0)
(0.575 0 0)
(0.575 0 0)
(0.625 0 0)
(0.625 0 0)
(0.625 0 0)
(0.625 0 0)
(0.625 0 0)
(0.625 0 0)
(0.625 0 0)
(0.625 0 0)
(0.625 0 0)
(0.625 0 0)
(0.625 0 0)
(0.625 0 0)
(0.625 0 0)
(0.625 0 0)
(0.625 0 0)
(0.625 0 0)
(0.625 0 0)
(0.625 0 0)
(0.625 0 0)
(0.625 0 0)
(0.675 0 0)
(0.675 0 0)
(0.675 0 0)
(0.675 0 0)
(0.675 0 0)
(0.675 0 0)
(0.675 0 0)
(0.675 0 0)
(0.675 0 0)
(0.675 0 0)
(0.675 0 0)
(0.675 0 0)
(0.675 0 0)
(0.675 0 0)
(0.675 0 0)
(0.675 0 0)
(0.675 0 0)
(0.675 0 0)
(0.675 0 0)
(0.675 0 0)
(0.725 0 0)
(0.725 0 0)
(0.725 0 0)
(0.725 0 0)
(0.725 0 0)
(0.725 0 0)
(0.725 0 0)
(0.725 0 0)
(0.725 0 0)
(0.725 0 0)
(0.725 0 0)
(0.725 0 0)
(0.725 0 0)
(0.725 0 0)
(0.725 0 0)
(0.725 0 0)
(0.725 0 0)
(0.725 0 0)
(0.725 0 0)
(0.725 0 0)
(0.775 0 0)
(0.775 0 0)
(0.775 0 0)
(0.775 0 0)
(0.775 0 0)
(0.775 0 0)
(0.775 0 0)
(0.775 0 0)
(0.775 0 0)
(0.775 0 0)
(0.775 0 0)
(0.775 0 0)
(0.775 0 0)
(0.775 0 0)
(0.775 0 0)
(0.775 0 0)
(0.775 0 0)
(0.775 0 0)
(0.775 0 0)
(0.775 0 0)
(0.825 0 0)
(0.825 0 0)
(0.825 0 0)
(0.825 0 0)
(0.825 0 0)
(0.825 0 0)
(0.825 0 0)
(0.825 0 0)
(0.825 0 0)
(0.825 0 0)
(0.825 0 0)
(0.825 0 0)
(0.825 0 0)
(0.825 0 0)
(0.825 0 0)
(0.825 0 0)
(0.825 0 0)
(0.825 0 0)
(0.825 0 0)
(0.825 0 0)
(0.875 0 0)
(0.875 0 0)
(0.875 0 0)
(0.875 0 0)
(0.875 0 0)
(0.875 0 0)
(0.875 0 0)
(0.875 0 0)
(0.875 0 0)
(0.875 0 0)
(0.875 0 0)
(0.875 0 0)
(0.875 0 0)
(0.875 0 0)
(0.875 0 0)
(0.875 0 0)
(0.875 0 0)
(0.875 0 0)
(0.875 0 0)
(0.875 0 0)
(0.925 0 0)
(0.925 0 0)
(0.925 0 0)
(0.925 0 0)
(0.925 0 0)
(0.925 0 0)
(0.925 0 0)
(0.925 0 0)
(0.925 0 0)
(0.925 0 0)
(0.925 0 0)
(0.925 0 0)
(0.925 0 0)
(0.925 0 0)
(0.925 0 0)
(0.925 0 0)
(0.925 0 0)
(0.925 0 0)
(0.925 0 0)
(0.925 0 0)
(0.975 0 0)
(0.975 0 0)
(0.975 0 0)
(0.975 0 0)
(0.975 0 0)
(0.975 0 0)
(0.975 0 0)
(0.975 0 0)
(0.975 0 0)
(0.975 0 0)
(0.975 0 0)
(0.975 0 0)
(0.975 0 0)
(0.975 0 0)
(0.975 0 0)
(0.975 0 0)
(0.975 0 0)
(0.975 0 0)
(0.975 0 0)
(0.975 0 0)
)
;

boundaryField
{
    inlet
    {
        type            calculated;
        value           nonuniform List<vector> 
20
(
(0.025 0 0)
(0.075 0 0)
(0.125 0 0)
(0.175 0 0)
(0.225 0 0)
(0.275 0 0)
(0.325 0 0)
(0.375 0 0)
(0.425 0 0)
(0.475 0 0)
(0.525 0 0)
(0.575 0 0)
(0.625 0 0)
(0.675 0 0)
(0.725 0 0)
(0.775 0 0)
(0.825 0 0)
(0.875 0 0)
(0.925 0 0)
(0.975 0 0)
)
;
    }
    outlet
    {
        type            calculated;
        value           nonuniform List<vector> 
20
(
(0.025 0 0)
(0.075 0 0)
(0.125 0 0)
(0.175 0 0)
(0.225 0 0)
(0.275 0 0)
(0.325 0 0)
(0.375 0 0)
(0.425 0 0)
(0.475 0 0)
(0.525 0 0)
(0.575 0 0)
(0.625 0 0)
(0.675 0 0)
(0.725 0 0)
(0.775 0 0)
(0.825 0 0)
(0.875 0 0)
(0.925 0 0)
(0.975 0 0)
)
;
    }
    walls
    {
        type            calculated;
        value           uniform (0 0 0);
    }
    movingWall
    {
        type            calculated;
        value           uniform (1 0 0);
    }
    frontAndBack
    {
        type            empty;
    }
}


// ************************************************************************* //
